# Created by Octave 5.2.0, Sat Sep 05 08:11:52 2020 CEST <tkanas@tkanas>
# name: solutions
# type: cell
# rows: 1
# columns: 4
# name: <cell-element>
# type: matrix
# rows: 201
# columns: 1
 0
 1.4535183900413055e-06
 0.11701318058969813
 0.21347988601060156
 0.28401583663836955
 0.34918368576036313
 0.388375883276115
 0.41130687350399647
 0.41950482079308599
 0.41452348094379626
 0.39787737712053561
 0.37099801254986453
 0.33521034182472059
 0.29172422224212036
 0.24163571930523814
 0.1859337458380213
 0.12550905197275677
 0.061163954157076456
 7.8495909347473883e-07
 1.2996639792859828e-24
 1.8137754529942407e-22
 3.3531942771445294e-17
 2.4805366584811543e-17
 1.8080074517419153e-22
 8.3119071993926366e-22
 1.3411436937092976e-18
 1.7293595980733115e-24
 1.1243996932578895e-17
 2.7876870200149018e-17
 2.6216833508291398e-21
 1.1035583485755688e-17
 1.5461481209240042e-18
 9.7537928826090556e-18
 5.4918653646868525e-21
 5.9662251017060474e-17
 2.9329084938754712e-17
 1.3906292477554858e-17
 5.0486590816255831e-17
 1.3611415946986604e-16
 9.5298131784888298e-21
 0.79108373236671092
 0.61084532045600948
 0.59164934118405688
 0.59158661595292572
 0.5924414780042303
 0.56539430374327282
 0.4517518047938972
 0.350499594075389
 0.78370626150868172
 0.70908440132673101
 0.6476575118866138
 0.59671406799275628
 0.59119899779912088
 0.59169442886374923
 0.59205829560831968
 0.59155365947963745
 0.59186879571330731
 0.59192552013109379
 0.5916240492681496
 0.59164842345947377
 0.59194330076268309
 0.59188359438747551
 0.59178777553298312
 0.59174425444635326
 0.59153518657993043
 0.59209798067160568
 0.59178701961435787
 0.59188370809641411
 0.5917542647069054
 0.5918064089819256
 0.59173089869534168
 0.59160650687317917
 0.59168130416070586
 0.59199511015688755
 0.59227303697881528
 0.5919597922134463
 0.59160670969166429
 0.59146971980300156
 0.59162913342558021
 0.59199549187662737
 0.59206133012067297
 0.59183291526009907
 0.59185742428484456
 0.59176616190224751
 0.59144538698469296
 0.59160659669564919
 0.59204911513196934
 0.59200596439315201
 0.59170161200263116
 0.59194389285545657
 0.59155656090231135
 0.59162637744091151
 0.59211762571582938
 0.59196791625836054
 0.59164011340178879
 0.59178215678003065
 0.59183280227768542
 0.59189435857422623
 0.59196401300079493
 0.59182983163575842
 0.59167216252038757
 0.59180465349347366
 0.59202921946875031
 0.59181049631271287
 0.59149570683182029
 0.59148102460592977
 0.59180311972051025
 0.59206829081717172
 0.59199023052773503
 0.5917525473345121
 0.59156880011879331
 0.59159429018511611
 0.59178704749876365
 0.59193813914297377
 0.59234419044254605
 0.59220236386654346
 0.59087962092417667
 0.59138303972754347
 0.59289197464732535
 0.59173278591934897
 0.59126631343108405
 0.59223429703576536
 0.5920776224628691
 0.59132095954936281
 0.59179695770957219
 0.59163176106485149
 0.59176356408605146
 0.59213061138563339
 0.59193063665317813
 0.59157336370833546
 0.59197034547405181
 0.59181744064752106
 0.5918268175031951
 0.59183115215810667
 0.59157996277779901
 0.59169363564022914
 0.59213810507963482
 0.59164184319460622
 0.59163075121895192
 0.59184503345377748
 0.59199099306852165
 0.59178182359197684
 0.59185775349808656
 0.59188598308692519
 0.59177899377049803
 0.59169127774247665
 0.59180382691839606
 0.59200354375333331
 0.5916650338240842
 0.59154370842433845
 0.59183886722091961
 0.59208680785509871
 0.59213042595213716
 0.59162638244494414
 0.59152081700720682
 0.59193750818785695
 0.59196985343712871
 0.59162721186808043
 0.59163400295984825
 0.59208116941886868
 0.591958921951664
 0.59171729783166516
 0.59172810576429058
 0.59186263447127108
 0.59193251855153783
 0.59189736888494759
 0.59187427895699474
 0.59183408487603939
 0.5917683509750663
 0.59170169336947287
 0.59165176414096932
 0.59166191322379058
 0.5917412023524492
 0.59184034208005221
 0.59190530638708894
 0.59193514652344759
 0.59192262383737859
 0.59184041941934218
 0.59178185308779219
 0.59174154449390537
 0.59169160079412975
 0.5917485062089286
 0.59189527457496705
 0.59160523359071848
 0.59216432129537677
 0.59221588363374511
 0.59144282310957452
 0.59139007304687152
 0.59237292116702611
 0.5919001826352589
 0.59141355823670105
 0.59176964854990133
 0.59197579713607784
 0.59170964261889314
 0.59214389090653519
 0.59171096537699264
 0.59175156969443177
 0.59210296859173916
 0.59173896484708588
 0.59183229669702664
 0.59202947740842582



