# Created by Octave 5.2.0, Thu Sep 03 22:59:08 2020 CEST <tkanas@tkanas>
# name: solutions
# type: cell
# rows: 1
# columns: 10
# name: <cell-element>
# type: matrix
# rows: 1
# columns: 401
 -397.78095231869321 -448.62428771204509 -400.90641202004065 -438.24923421670138 -447.30038282999516 -456.38922371440981 -465.50556850847278 -474.63731113671008 -483.77101998207922 -526.07569759056184 -502.5920557785272 -511.64196571576156 -520.63529049208989 -529.55838188842756 -538.39831939559701 -547.14302225561494 -555.78131755753407 -564.30297274178349 -572.69870025533271 -580.96014125522458 -589.07983429151454 -597.05117390291389 -604.86836309597493 -612.5263627984092 -620.02084060429615 -627.34812047539231 -634.50513452792791 -641.48937760964486 -648.2988650454372 -654.93209368691771 -661.38800622720828 -667.66595862342422 -673.76569039396281 -679.68729751507647 -685.43120762349054 -690.99815723183656 -696.38917067598015 -654.67273190202388 -706.31793006839825 -711.20123496461702 -715.91506588464199 -720.46160153949745 -724.84320687104594 -729.06241836438119 -733.12192979109841 -737.0245783324234 -740.77333104912304 -744.37127168025143 -747.82158776521032 -751.12755809329678 -754.2925404926599 -757.31995997567356 -760.21329726141641 -762.97607769763692 -765.61186060508157 -768.12422906639745 -770.51678018009102 -772.79311579772946 -774.95683375971828 -777.01151964171333 -778.96073902028706 -780.80803026294211 -782.55689784407059 -784.21080618501855 -785.77317401320772 -787.2473692322485 -788.63670429223714 -789.94443204698302 -791.17374208273702 -792.32775750120959 -793.40953213804653 -794.42204819676886 -795.36821427718655 -796.25086377662694 -797.07275364188081 -797.83656344954352 -798.54489479247115 -799.20027095012415 -799.80513682111859 -800.36185909652283 -800.87272665324019 -801.33995114740594 -801.765667788477 -802.15193627558313 -802.50074187853886 -802.81399664687513 -803.09354073106761 -803.3411438012314 -803.55850654934534 -803.74726226210498 -803.90897845235122 -804.04515853792805 -804.15724355774296 -804.24661391550546 -804.31459114261406 -804.3624396722455 -804.3913686175465 -804.40253354745244 -804.39703825439096 -804.37593650861822 -804.34023379467055 -804.29088902575415 -804.2288162326505 -804.15488622387568 -804.06992821454457 -803.97473142162005 -803.8700466236246 -803.75658768321352 -803.63503303144375 -803.50602711257295 -803.37018178881237 -803.2280777043926 -803.08026560869655 -802.92726763832127 -802.76957855805415 -802.60766696105259 -802.44197642842209 -802.27292664869344 -802.10091449769516 -801.92631507944543 -801.74948272872837 -801.57075197614199 -801.3904384763614 -801.20883990053255 -801.02623679362068 -800.84289339765871 -800.65905844179269 -800.47496590014487 -800.29083571833326 -800.1068745097358 -799.92327622237781 -799.74022277743722 -799.55788468032767 -799.37642160526934 -799.19598295433286 -799.01670839184828 -798.83872835507952 -798.66216454203368 -798.48713037736513 -798.31373145708869 -798.14206597303644 -797.97222511781001 -797.80429347104416 -797.6383493677065 -797.47446524923157 -797.31270799813342 -797.15313925685234 -796.99581573147725 -796.84078948098306 -796.68810819267685 -849.63579216236087 -796.38018067609403 -796.23494602063693 -796.09221048136681 -795.95200337013023 -795.81435103443573 -795.67927705109196 -795.54680241020787 -795.41694569011725 -795.28972322360096 -795.16514925579895 -795.0432360942375 -794.92399425132714 -794.80743257969493 -794.6935584006518 -794.58237762621582 -794.47389487488249 -794.36811358156524 -794.26503610187171 -794.16466381110388 -794.06699719814617 -793.97203595454278 -793.87977905900493 -793.79022485753751 -793.70337113944618 -793.61921520939688 -793.53775395572723 -793.45898391523383 -793.38290133456201 -793.30950222839567 -793.23878243461309 -793.17073766655744 -793.1053635625442 -793.04265573278929 -792.98260980384202 -792.92522146069336 -792.87048648664938 -792.81840080107634 -792.76896049514914 -792.7221618656896 -792.67800144720309 -792.63647604216339 -792.59758274969283 -792.56131899266302 -792.52768254333853 -792.49667154756753 -792.46828454769025 -792.44252050410671 -792.41937881565161 -792.39885933880839 -792.38096240577818 -792.36568884150358 -792.35303997963331 -792.34301767753834 -792.33562433033796 -792.33086288401398 -792.32873684765752 -792.32925030480476 -792.33240792397009 -792.33821496833252 -792.34667730460649 -792.35780141114458 -792.37159438521655 -792.38806394954111 -792.40721845800601 -792.42906690063069 -792.45361890774279 -792.48088475335817 -792.51087535775753 -792.5436022892568 -792.57907776512047 -792.61731465165315 -792.65832646337856 -792.70212736132237 -792.74873215034916 -792.79815627549544 -792.85041581731264 -792.90552748610662 -792.96350861505937 -793.02437715218196 -793.08815165099611 -793.15485125993189 -793.22449571031302 -793.29710530290413 -793.37270089287563 -793.45130387313623 -793.53293615593873 -793.61762015259364 -793.70537875125046 -793.79623529256173 -793.8902135431332 -793.98733766661155 -794.08763219223192 -794.19112198070502 -794.29783218723435 -794.40778822149855 -794.52101570438606 -794.63754042129915 -794.75738827174496 -794.88058521504956 -795.0071572118743 -795.13713016130123 -795.27052983316548 -795.40738179537539 -795.54771133581585 -795.69154337856708 -795.83890239399977 -795.98981230239224 -796.1442963706121 -796.30237710145855 -796.46407611513598 -796.62941402238539 -796.79841028872374 -796.97108308921349 -797.14744915314657 -797.32752359800349 -797.51131975199735 -797.69884896443693 -797.89012040318278 -798.08514083830573 -798.28391441111773 -798.48644238758186 -798.69272289516573 -798.90275064201148 -799.11651661735812 -799.33400777196528 -799.55520667729945 -799.78009116211001 -800.00863392497297 -800.24080212124966 -800.47655692286355 -800.71585304915027 -800.95863826695063 -801.20485285800385 -801.45442905155687 -801.70729041998686 -801.96335123513666 -802.22251578281396 -802.48467763286135 -802.74971886197159 -803.01750922627195 -803.28790528052127 -803.56074944050442 -803.83586898512431 -804.11307499432701 -804.39216121883851 -804.67290287745516 -804.95505537728548 -805.23835295211518 -805.52250721377459 -805.80720561099861 -806.09210979001421 -806.37685385065186 -806.66104249143723 -806.94424903671518 -807.22601333836906 -807.5058395443159 -807.78319372538749 -808.05750135175163 -808.32814460943007 -808.5944595469183 -808.85573304122511 -809.11119957208939 -809.36003779230953 -809.60136688146088 -809.83424266943905 -810.05765351541788 -810.27051592695295 -810.47166990294727 -810.6598739832483 -810.83379998650616 -810.99202741683052 -811.13303751853766 -811.2552069569939 -811.3568011022262 -811.43596689042045 -811.49072523702921 -811.51896297340011 -811.518424277235 -811.48670156523542 -811.42122581437343 -811.3192562761227 -811.17786954574456 -810.99394794638283 -810.76416718520466 -810.48498323616298 -810.15261840111089 -809.76304649801511 -809.3119771218079 -808.79483892000496 -808.20676182165425 -807.54255815432361 -806.79670257974828 -805.96331077448826 -805.03611677731851 -804.00844892018381 -802.8732042544458 -801.62282137852606 -800.24925156732559 -798.74392809751646 -797.09773365620788 -795.30096571353386 -793.34329973219928 -791.21375007915253 -788.90062849615538 -786.39149997706863 -783.67313589022194 -780.73146417414603 -777.55151642427199 -774.11737167679746 -770.41209668390331 -766.41768246164838 -762.11497687822362 -757.48361303585887 -752.50193318420713 -747.14690788677649 -741.39405014459442 -735.2173241628758 -728.58904842690765 -721.4797927325327 -713.85826879457534 -705.69121403304791 -696.94326811209669 -687.57684178012516 -677.55197753147092 -666.82620158010207 -655.35436660412995 -643.08848468627014 -629.97754983969321 -615.96734947087396 -601.00026409109455 -585.01505454610299 -567.94663598937325 -549.72583777885791 -530.27914843110682 -509.52844472228372 -487.39070398695804 -463.7776986406098 -438.59567195553961 -411.74499418111105 -383.11979827228026 -352.60759487804552 