# Created by Octave 5.2.0, Fri Sep 04 02:25:26 2020 CEST <tkanas@tkanas>
# name: solutions
# type: cell
# rows: 1
# columns: 12
# name: <cell-element>
# type: matrix
# rows: 201
# columns: 1
 0.6197573683167833
 0.60242093296086641
 0.60670856254444883
 0.59882806770389729
 0.59541641724743211
 0.57770499906269335
 0.56594467126226122
 0.55391758579331518
 0.5420172519485269
 0.53054101754382876
 0.51969592324692004
 0.5096112817871199
 0.5003540634149688
 0.49194410447540443
 0.484367530103331
 0.47758775883100701
 0.47155403174720067
 0.46620812392089289
 0.45670527085838519
 0.45734409070146997
 0.45356556129909481
 0.45024549471633457
 0.44733098192349791
 0.44477405163269873
 0.44253151627897164
 0.44056489174204311
 0.43884014561156343
 0.43732735837149767
 0.43600034634455154
 0.43483627590069318
 0.43381528707448891
 0.43292013758158754
 0.43213587351746641
 0.43144952984140411
 0.43084986159152133
 0.43032710533424928
 0.42987276941561919
 0.42947945101454432
 0.42914067768200415
 0.42885077093097629
 0.42860472944224759
 0.42839812953679846
 0.42822704071262346
 0.42808795421856921
 0.42797772282190155
 0.42789351013080762
 0.42783274801267002
 0.42779310083452138
 0.4277724354192679
 0.42777870895357861
 0.42781643479075881
 0.42784329624472656
 0.42788226981543681
 0.42793192774232164
 0.42799093979082137
 0.42805806305848493
 0.42813213286220847
 0.4282120544638216
 0.42829679542490523
 0.42838537841746627
 0.42847687434129028
 0.42857039561783189
 0.42866508955380206
 0.42876013166599003
 0.42884834932257987
 0.63896904178676595
 0.61124778466439378
 0.59369501983095407
 0.58209911725675068
 0.57427953594773684
 0.56899275318872533
 0.56547907446757428
 0.56324758641804806
 0.56196572163151592
 0.56139863739174378
 0.56536857296028842
 0.56184184699491635
 0.56261221673826189
 0.56361750437598068
 0.56479736629638488
 0.56610274479306655
 0.56749353584905116
 0.56893679842993972
 0.57040543380823139
 0.57187718702982904
 0.57333387190836338
 0.57476075517158254
 0.57614605848832101
 0.57748055175922464
 0.57875721899861488
 0.5799709808226241
 0.58111845712212462
 0.5821977528685488
 0.58320825211106664
 0.58415041137837542
 0.5850255523333231
 0.58583566110140439
 0.58658320503066486
 0.58727097604819378
 0.58790196516124915
 0.58847926768171133
 0.58900601532722263
 0.58948532990916158
 0.58992029327572804
 0.5903139288188971
 0.59066919061590017
 0.59098895696425058
 0.5912760257199221
 0.59153310956259586
 0.59176283005830732
 0.59196771015921612
 0.59215016540593413
 0.59231249453206913
 0.59245687033356742
 0.59258533161012927
 0.59269977677639063
 0.5928019594602959
 0.59289348613422277
 0.59297581561451318
 0.59305026011626427
 0.59311798747835753
 0.59318002417047433
 0.59323725870239064
 0.59329044511928941
 0.59334020631052709
 0.59338703691471539
 0.59343130566464952
 0.59347325703877385
 0.5935130121377461
 0.59355056871888312
 0.59358580034592334
 0.59361845462943308
 0.59364815054188913
 0.59367437480627727
 0.5936964773659904
 0.59371366595722619
 0.59372499981516147
 0.5937293825679153
 0.59372555439389363
 0.5937120835406855
 0.59368735735139622
 0.59364957298212073
 0.59359672805519514
 0.59352661155589415
 0.59343679535523253
 0.59332462681157949
 0.59318722297016779
 0.59302146692045532
 0.59282400699437399
 0.59259126764103787
 0.59231962287003792
 0.59200655092187027
 0.59166101622810152
 0.5914839920629803
 0.59208496235760799
 0.59173336598010917
 0.59144977796178788
 0.59189340121624101
 0.59151743609527097
 0.59181087874446925
 0.59188562736030259
 0.59304246730636523
 0.59214225048885871
 0.59099974083958695
 0.59291952108297274
 0.59262123883561502
 0.59162560308596668
 0.5905081634551097
 0.59024144915587506
 0.59260578377156214
 0.59174163515964473
 0.59161847002735213
 0.59190730754768861
 0.59340982187332847
 0.59029652090682816
 0.59286833602907052
 0.5898816333494058
 0.59307816600928931
 0.59255161908260345
 0.58974939630660639
 0.59331768470791824
 0.5918894959810922
 0.59375756248568734
 0.58977269810213373
 0.59243838153623307
 0.58962919352833321
 0.59247318608067501
 0.58788827749864736
 0.58443837492151429
 0.58204333717252343
 0.58071032667336631
 0.58047240306401726
 0.58128841965916012
 0.5828415006305544
 0.58409634734400817
 0.58233449691072614
 0.57114931272846059
 0.53652035565039125
 0.44774859911439041
 0.21650474596169342
 0



