# Created by Octave 5.2.0, Sat Sep 05 05:34:09 2020 CEST <tkanas@tkanas>
# name: solutions
# type: cell
# rows: 1
# columns: 16
# name: <cell-element>
# type: matrix
# rows: 401
# columns: 1
 0.46551091623843188
 0.50888888640097285
 0.46258815057849895
 0.49283976836358639
 0.49681886570934158
 0.50038319877379112
 0.50352636350164748
 0.50624538772323535
 0.50853920924408147
 0.53246608259472861
 0.51198071943023138
 0.51303681296064785
 0.51370380534005833
 0.51399913226432559
 0.51394151889264028
 0.51355172176449149
 0.51285209351683148
 0.51186614775138362
 0.51061813971175551
 0.50913267451233235
 0.50743435108956436
 0.50554744700725207
 0.50349564670015345
 0.5013018137192683
 0.49898780595885778
 0.49657433167497278
 0.4940808432692555
 0.49152546524815965
 0.48892495243492334
 0.48629467433158896
 0.48364862146836701
 0.48099942956762587
 0.47835841731070416
 0.47573563336621644
 0.47313990795023581
 0.47057890338517527
 0.46806073680052246
 0.45599802851794097
 0.46327448800194065
 0.46085050917105491
 0.45848738681084317
 0.4561863957042821
 0.45394962247132598
 0.45177855072652384
 0.44967414551602719
 0.44763692474861555
 0.44566702089342031
 0.44376423502708007
 0.44192808460021654
 0.44015784585195589
 0.43845259153539184
 0.43681122445872683
 0.43523250725085361
 0.43371508869720815
 0.43225752695788816
 0.43085830994984919
 0.42951587315468043
 0.42822861509706006
 0.42699491072339557
 0.42581312289331208
 0.42468161218178752
 0.42359874517809681
 0.42256290145078745
 0.42157247933193837
 0.42062590066727623
 0.41972161465940777
 0.41885810092031023
 0.41803387184217289
 0.41724747437873533
 0.41649749132349229
 0.41578254215927274
 0.41510128354767334
 0.41445240951646062
 0.41383465139581704
 0.41324677755163802
 0.41268759295260593
 0.41215593860769334
 0.41165069089973844
 0.41117076084501958
 0.41071509329615652
 0.41028266610829045
 0.40987248928288345
 0.4094836041009885
 0.40911508225715187
 0.40876602500060955
 0.40843556229135553
 0.40812285197405174
 0.40782707897649645
 0.40754745453107499
 0.40728321542364643
 0.40703362326976872
 0.40679796381891958
 0.40657554628450587
 0.40636570270268241
 0.4061677873143863
 0.40598117597347244
 0.40580526557796148
 0.40563947352104973
 0.40548323716470625
 0.40533601332985408
 0.40519727780486203
 0.40506652486933131
 0.40494326683264309
 0.4048270335840925
 0.40471737215771009
 0.40461384630476932
 0.40451603607903236
 0.40442353742961606
 0.40433596180278342
 0.40425293575316679
 0.404174100560729
 0.40409911185985165
 0.40402763926376994
 0.40395936602112836
 0.4038939886571612
 0.40383121663646804
 0.40377077203213846
 0.40371238920523123
 0.40365581482506852
 0.40651669222300241
 0.41385397553145636
 0.41394105806997233
 0.41403012791605343
 0.41411972083354642
 0.60988684485162803
 0.60087106992282846
 0.59322160013230618
 0.59110409474077841
 0.59209611812569651
 0.58960046193192039
 0.59387404116101317
 0.59147473841389686
 0.59178922221256758
 0.59118309930666257
 0.59353882501805555
 0.59132329376155235
 0.59271254637110571
 0.58998982512290365
 0.59243206950455607
 0.59069250114696459
 0.59285744983896604
 0.59235593818583376
 0.5906290859142137
 0.59256667535783702
 0.59269344773490007
 0.59155818605649912
 0.5902525678891084
 0.59335929101734897
 0.5925461372187808
 0.59157420961780061
 0.59477329390072065
 0.58994618952107614
 0.58928535961734341
 0.59339132427422892
 0.59291664661942722
 0.59248180790067084
 0.59209762211789729
 0.59175746239790916
 0.59145256573271809
 0.59117816433410053
 0.59094896463374935
 0.59075963387732588
 0.59060038918895086
 0.59046712171200721
 0.59035719733156944
 0.59026837595663884
 0.59019863441110865
 0.59014613120000081
 0.59010918754011688
 0.59008627137837566
 0.59007598321890919
 0.59007704348584844
 0.59008828123316415
 0.59010862403450004
 0.59013708892308292
 0.59017277425311521
 0.59021485238033322
 0.59026256306661606
 0.59031520753653721
 0.59037214310470454
 0.5904327783201031
 0.59049656857102628
 0.59056301209989182
 0.59063164638999099
 0.59070204488174949
 0.59077381399023543
 0.59084659038958864
 0.59092003854111674
 0.5909938484389673
 0.59106773355533548
 0.59114142896253929
 0.59121468961848389
 0.59128728879798353
 0.59135901665773394
 0.59142967892125586
 0.59149909567448
 0.59156710025973369
 0.59163353826228826
 0.59169826657768443
 0.59176115255554129
 0.59182207321141789
 0.59188091450122193
 0.5919375706536939
 0.59199194355437401
 0.59204394217714396
 0.59209348206082324
 0.59214048482462156
 0.59218487772099782
 0.5922265932227887
 0.59226556864005842
 0.59230174576696815
 0.59233507055392443
 0.59236549280454454
 0.5923929658948256
 0.59241744651267025
 0.59243889441672792
 0.59245727221332067
 0.59247254514907244
 0.59248468091862594
 0.59249364948760164
 0.59249942292728808
 0.59250197526217563
 0.59250128232932353
 0.59249732164733571
 0.59249007229632134
 0.59247951480579353
 0.59246563105156513
 0.59244840415589783
 0.59242781838072234
 0.59240385897612735
 0.59237651188714302
 0.59234576307890674
 0.59231159704879366
 0.59227399395012292
 0.59223292510806869
 0.59218834803350451
 0.59214020446089388
 0.59208842796458971
 0.59203297260255228
 0.59197388218546765
 0.59191139788178859
 0.59184592383243484
 0.59177755353456241
 0.59170583683472355
 0.59163042457875714
 0.59155105738865721
 0.59146652354168672
 0.59138102313788976
 0.59131043154237306
 0.59125362287377881
 0.59120761073050609
 0.59115405016271982
 0.59127398741461457
 0.59152532421800919
 0.59165504148692061
 0.59178823826181048
 0.59205128126287032
 0.59248150762630436
 0.59273935600673022
 0.59270993166349173
 0.5925509341216455
 0.5923615754774193
 0.59216903935441767
 0.59197699260302339
 0.59178314135774912
 0.59157921414473313
 0.59135003825393495
 0.59118141770069288
 0.59104047313902475
 0.59090328564029304
 0.59101711747297492
 0.59190560028183492
 0.59244931971858072
 0.59235502331354128
 0.59208460421255926
 0.59180365882167862
 0.59154258245354541
 0.59134014211952912
 0.59127562345338791
 0.59153692313824091
 0.59203531413591093
 0.59202535909080189
 0.59173322441300868
 0.5915025271950336
 0.5918555486127739
 0.59253554969308575
 0.5924247106859073
 0.59211428569348779
 0.59181327538330442
 0.59151347952927902
 0.59127799348095111
 0.59118600600460891
 0.59149927242411893
 0.59193390460148021
 0.59179321365927318
 0.59166589500394384
 0.59206829717727494
 0.59217476633053767
 0.59187095594848238
 0.59154273279138647
 0.59149976176005359
 0.59228002921974998
 0.59236056053123476
 0.59204073960189285
 0.59171037403701354
 0.59141708494997047
 0.59120337506461251
 0.59143088420884404
 0.59197701200189912
 0.59187615999339649
 0.59160108481146101
 0.59136520491171474
 0.59110772044335902
 0.59078810598731579
 0.59046261145842716
 0.59014950934948129
 0.58984961221809384
 0.58956209379032332
 0.58928625711504012
 0.58902158575737973
 0.58876771439645137
 0.58852440406586826
 0.58829152269685281
 0.58806902971250452
 0.58785696371887808
 0.58765543258818964
 0.58746460539881351
 0.58728470583264991
 0.58711600671632658
 0.58695882547455647
 0.58681352030405609
 0.58668048692460995
 0.58656015578585008
 0.58645298964287684
 0.58635948140915817
 0.58628015223337715
 0.58621554973234125
 0.58616624633431413
 0.58613283767935509
 0.58611594103366516
 0.58611619366521961
 0.58613425113390927
 0.58617078543530632
 0.58622648293772828
 0.58630204203882086
 0.58639817045109488
 0.58651558202075538
 0.58665499294723622
 0.58681711726154173
 0.58700266137819346
 0.58721231750033698
 0.5874467556120242
 0.58770661372577815
 0.58799248598729059
 0.58830490814342351
 0.58864433977371844
 0.58901114254661302
 0.58940555359084101
 0.589827652873541
 0.59027732320505266
 0.59075420119165478
 0.5912576170431183
 0.59178652067091742
 0.59233939089353704
 0.59291412381862496
 0.5935078955281573
 0.59411699302593124
 0.5947366059465059
 0.59536056971706441
 0.59598104859122392
 0.59658814417215977
 0.59716941153409886
 0.59770926072113817
