# Created by Octave 5.2.0, Thu Sep 03 15:10:47 2020 CEST <tkanas@tkanas>
# name: solutions
# type: cell
# rows: 1
# columns: 12
# name: <cell-element>
# type: matrix
# rows: 201
# columns: 1
 1.4235995765653149
 1.4243453845819669
 1.5492820135651517
 1.6293025517693813
 1.7700565657885086
 1.7980187864520967
 1.8820032445616921
 1.9652866848058181
 2.0469473074616582
 2.1261675633147741
 2.2022588531964238
 2.2746732343296885
 2.3430047458765708
 2.4069825896832038
 2.466458487843552
 2.5213904873732123
 2.5718252275690507
 2.6178807418008008
 2.5704094836565008
 2.6962038985136725
 2.7302339049827538
 2.7607317243163281
 2.7879422577269
 2.8121088737650193
 2.8334669145904865
 2.852239125420672
 2.8752361238876118
 2.8924813863290777
 2.9062405591522542
 2.9183927857625984
 2.929107669375262
 2.938539956583953
 2.9468301437549531
 2.954105257890816
 2.9604797363163304
 2.9660563544574892
 2.9709271647619739
 2.9751744203919555
 2.9788714654408892
 2.9820835796242595
 2.9848687700798773
 2.9872785064104517
 2.9893583976658933
 2.9911488118036966
 2.9926854394460527
 2.9939998046053851
 2.9951197255807358
 2.9960697295164516
 2.9968714242285928
 2.9975438308918663
 2.9981036810792761
 2.9985656814873356
 2.9989427494837457
 2.9992462223967595
 2.999486043239898
 2.9996709253376639
 2.9998084980957551
 2.9999054359439228
 2.9999675722741208
 3
 3
 2.9999929199149769
 2.9999606407023229
 2.9999132379074105
 2.9998532321832201
 2.999782793068007
 2.9997037747811279
 2.9996177436775966
 2.9995259960816134
 2.9994295641062698
 2.9993292053744587
 2.9992253699572866
 2.9991181338297266
 2.999007081910213
 2.9988908442107567
 3
 2.9987088294631974
 2.9986465444866175
 2.9985803892623184
 2.998512517528193
 2.9984441840675542
 2.9983762316520042
 2.998309229904752
 2.9982435655271908
 2.9981795011907781
 2.9981172142218737
 2.9980568222265096
 2.9979984002440614
 2.9979419923792459
 2.9978876198094957
 2.997835286391886
 2.9977849826613001
 2.9977366887338817
 2.9976903764516658
 2.9976460109893015
 2.9976035520684587
 2.9975629548782496
 2.9975241707668645
 2.9974871477497502
 2.9974518308648674
 2.9974181623959804
 2.9973860819785343
 2.9973555265972536
 2.9973264304814262
 2.9972987249003586
 2.9972723378594899
 2.9972471936953435
 2.9972232125651952
 2.9972003098259874
 2.9971783952944504
 2.9971573723787408
 2.9971371370697275
 2.9971175767776197
 2.9970985689972136
 2.9970799797823968
 2.9970616620073534
 2.9970434533886423
 2.9970251742384661
 2.9970066249154921
 2.9969875829344206
 2.9969677996907231
 2.9969469967503799
 2.9969248616482997
 2.9969010431309364
 2.9968751457704577
 2.9968467238677516
 2.9968152745506629
 2.9967802299615176
 2.9967409484137479
 2.9966967043814932
 2.9966466771681697
 2.9965899380794228
 2.9965254359028157
 2.9964519804704248
 2.996368224050916
 2.9962726402840651
 2.9961635003326585
 2.9960388458838056
 2.9958964585827137
 2.9957338254270098
 2.9955480995869537
 2.9953360560461348
 2.9950940413769565
 2.994817916874275
 2.9945029941674486
 2.9941439623145247
 2.993734805249737
 2.9932687083056644
 2.9927379523616002
 2.9921337939768651
 2.9914463296496399
 2.990664342094207
 2.9897751261490093
 2.988764291609443
 2.9876155399184929
 2.9863104112386023
 2.9848279979637233
 2.9831446202030465
 2.981233458169334
 2.9790641357253622
 2.9766022485696197
 2.973808829665963
 2.9706397435243508
 2.9670449998067641
 2.962967975442075
 2.9583445329655076
 2.9531020211252774
 2.9471581418913191
 2.9404196658239941
 2.9327809752729381
 2.9241224120296669
 2.9143084027957227
 2.9031853320828565
 2.8905791278515736
 2.8762925202212464
 2.8601019278279982
 2.8417539197158863
 2.8209611928361378
 2.7973979960582516
 2.7706949207583556
 2.7404329651380084
 2.7061367638996079
 2.6672668560251065
 2.6232108401533223
 2.5732732379894312
 2.5166638492457842
 2.4524843337947706
 2.3797126935377264
 2.2971852411984219
 2.2035755254384877
 2.0973695151049392
 1.9768361041831823
 1.8399916413213511
 1.6845566453377048
 1.5079020310848872
 1.3069808823126492
 1.0782400017304778
 0.81750431680274005
 0.51983700966860047
 0.17979258968249912
 0



# name: <cell-element>
# type: matrix
# rows: 201
# columns: 1
 3
 3
 3
 3
 3
 3
 3
 3
 3
 3
 3
 3
 3
 3
 3
 3
 3
 3
 3
 3
 3
 3
 3
 3
 3
 3
 3
 3
 3
 3
 3
 3
 3
 3
 3
 3
 3
 3
 3
 3
 3
 3
 3
 3
 3
 3
 3
 3
 3
 3
 3
 3
 3
 3
 3
 3
 3
 3
 3
 3
 3
 3
 3
 3
 3
 3
 3
 3
 3
 3
 3
 3
 3
 3
 3
 3
 3
 3
 3
 3
 3
 3
 3
 3
 3
 3
 3
 3
 3
 3
 3
 3
 3
 3
 3
 3
 3
 3
 3
 3
 3
 3
 3
 3
 3
 3
 3
 3
 3
 3
 3
 3
 3
 3
 3
 3
 3
 3
 3
 3
 3
 3
 3
 3
 3
 3
 3
 3
 3
 3
 3
 3
 3
 3
 3
 3
 3
 3
 3
 3
 3
 3
 3
 3
 3
 3
 3
 3
 3
 3
 3
 3
 3
 3
 3
 3
 3
 3
 3
 3
 3
 3
 3
 3
 3
 3
 3
 3
 3
 3
 3
 3
 3
 3
 3
 3
 3
 3
 3
 3
 3
 3
 3
 3
 3
 3
 3
 3
 3
 3
 3
 3
 3
 3
 3
 3
 3
 3
 3
 3
 3



