# Created by Octave 5.2.0, Fri Sep 04 05:50:50 2020 CEST <tkanas@tkanas>
# name: solutions
# type: cell
# rows: 1
# columns: 12
# name: <cell-element>
# type: matrix
# rows: 401
# columns: 1
 0.45404230649253297
 0.510780025278747
 0.51593357538870732
 0.52069948532021637
 0.52504332466724479
 0.52895184594311395
 0.53241300832982841
 0.53541689964031192
 0.53795645395892011
 0.54002795211680132
 0.54163131419879229
 0.54277020341414639
 0.54345196742594071
 0.5436874469389037
 0.5434906823186747
 0.54287854806849944
 0.54187034230824016
 0.5404873549729039
 0.53875243433785613
 0.53668956736883211
 0.53432348555467091
 0.53167930425076082
 0.52878220055156
 0.52565713221216703
 0.52232859803751852
 0.51882043869383843
 0.51515567566213916
 0.51135638535359151
 0.50744360486603202
 0.5034372656938797
 0.49935615156785079
 0.49521787682045343
 0.49103888179786859
 0.48683444217556693
 0.48261868936642982
 0.47840463952783063
 0.47420422908446674
 0.47002835495342526
 0.4658869180442215
 0.4617888688257919
 0.45774225403976504
 0.45375426384151357
 0.44983127881923635
 0.44597891648945631
 0.44220207697090608
 0.43850498765654999
 0.43489124671823831
 0.4313638653495232
 0.42792530870744078
 0.42457753547858074
 0.42132203606258245
 0.41815986931764559
 0.41509169787994576
 0.41211782201504138
 0.4092382119868328
 0.40645253892609368
 0.4037602041947691
 0.40116036722733356
 0.39865197183905005
 0.39623377101252699
 0.39390435017301489
 0.39166214894141899
 0.38950548142594521
 0.38743255504117241
 0.38544148791930294
 0.38353032494373079
 0.38169705244977775
 0.37993961165372175
 0.37825591086053395
 0.3766438365137687
 0.37510126314906034
 0.37362606231276696
 0.37221611051598852
 0.37086929628192622
 0.36958352635654629
 0.36835673114128059
 0.36718686940834849
 0.36607193236151947
 0.36500994709453821
 0.3639989795023077
 0.36303713669591953
 0.36212256896863715
 0.36125347135766922
 0.36042808484354294
 0.35964469722643394
 0.35890164371238037
 0.3581973072464581
 0.35753011861975437
 0.35689855637819645
 0.35630114655965422
 0.35573646228168354
 0.35520312319832736
 0.35469979484775493
 0.35422518790546215
 0.35377805735767892
 0.3533572016105338
 0.35296146154376595
 0.35258971952279045
 0.35224089837538775
 0.35191396034426925
 0.35160790601941788
 0.35132177325950109
 0.35105463610695015
 0.35080560369849423
 0.35057381917926528
 0.35035845862114351
 0.35015872994709474
 0.34997387186611267
 0.34980315281653013
 0.34964586993122021
 0.34950140173740546
 0.4809069277058069
 0.62196001561622749
 0.60500441832940666
 0.59173781999598074
 0.58048966038192096
 0.57091542432627229
 0.56273561762936775
 0.55572496658147152
 0.54970095340916847
 0.54451479045457074
 0.54004438247382813
 0.53618885682452577
 0.53286430942483887
 0.53000048638544095
 0.52753818416663023
 0.52542720211283489
 0.52362472088776768
 0.52209401071144679
 0.52080339622231919
 0.51972542210882977
 0.51883617666651116
 0.51845353891439405
 0.59708646933108467
 0.59314467972656393
 0.58997705186453453
 0.58725734896377924
 0.5849291432796716
 0.58294276281916513
 0.58125516386013143
 0.57982912354638727
 0.57863244823763516
 0.5776372520165356
 0.57681932384768653
 0.57615758416706797
 0.57563362378892791
 0.57523131515043957
 0.57493648549578613
 0.57473664230123855
 0.57462074238976335
 0.57457899740858265
 0.57460270950692272
 0.57468413209941582
 0.57481635146425281
 0.57499318570137892
 0.57520909816265786
 0.57545912300349655
 0.5757388008980755
 0.57604412331802679
 0.57637148404550376
 0.57671763682176602
 0.57707965821226237
 0.57745491493552303
 0.57784103501331507
 0.57823588220892808
 0.57863753331243861
 0.57904425788107061
 0.57945450013542477
 0.57986686271778787
 0.58028009209905096
 0.58069306542429622
 0.58110477863955923
 0.58151433574123645
 0.58192093903353237
 0.58232388027662874
 0.58272253263658502
 0.58311634335147167
 0.58350482704274687
 0.58388755960934424
 0.58426417264072794
 0.5846343483163019
 0.58499781472585843
 0.5853543415911886
 0.58570373634339756
 0.5860458405187311
 0.58638052647149741
 0.5867076943412799
 0.58702726928314664
 0.58733919892088615
 0.58764345101845794
 0.58794001133631479
 0.58822888167999865
 0.58851007809479328
 0.58878362923024918
 0.58904957483217868
 0.58930796437078492
 0.58955885577776979
 0.5898023143043023
 0.5900384114719055
 0.59026722412089583
 0.59048883353644011
 0.59070332467021613
 0.59091078540753894
 0.59111130593748196
 0.59130497814779759
 0.59149189510375944
 0.59167215056443523
 0.59184583855393746
 0.59201305297546658
 0.59217388725699616
 0.59232843405573399
 0.59247678496575196
 0.59261903028430329
 0.59275525878927449
 0.59288555755315198
 0.59301001177096335
 0.59312870461736944
 0.59324171711549312
 0.5933491280363179
 0.5934510137928799
 0.59354744837704021
 0.5936385032727528
 0.59372424742584717
 0.59380474717950349
 0.59388006624730938
 0.59395026568647247
 0.59401540387963614
 0.59407553651589107
 0.59413071658562566
 0.5941809943797306
 0.59422641748828009
 0.5942670308023742
 0.59430287652628799
 0.59433399418528943
 0.59436042063725236
 0.59438219008219273
 0.59439933408460677
 0.59441188157996705
 0.59441985889913007
 0.5944232897793057
 0.59442219537862284
 0.59441659429643345
 0.5944065025884081
 0.59439193377691701
 0.59437289887460032
 0.59434940638764366
 0.59432146233511585
 0.59428907026220601
 0.59425223125106952
 0.59421094392593399
 0.59416520446576593
 0.59411500662116246
 0.59406034170818856
 0.59400119862923439
 0.59393756386524921
 0.59386942149372923
 0.59379675319199288
 0.59371953823523471
 0.59363775350980874
 0.59355137351077203
 0.59346037035288401
 0.59336471377160327
 0.59326437113224972
 0.59315930742978917
 0.59304948530642232
 0.59293486505009629
 0.59281540461806581
 0.59269105969393898
 0.59256178399526782
 0.59242753040272866
 0.59228825415655917
 0.59214392310635477
 0.59199455798704625
 0.59184037999222716
 0.59168232032847012
 0.59152367668132544
 0.59138025946468342
 0.5913830855134623
 0.59151680126174944
 0.59171685300601717
 0.59234565789174831
 0.59258967402352114
 0.59241000349092932
 0.59213625246542778
 0.59185305487934803
 0.59157211397649334
 0.591298893702351
 0.59106873922071423
 0.59121759641162142
 0.59194451966291861
 0.59222084572975886
 0.5919201440649553
 0.59155595811617934
 0.59145649287621171
 0.59231522823550919
 0.59248427391918024
 0.59212056989584849
 0.591729174522441
 0.59136913127712654
 0.5910803442513769
 0.59136225517848096
 0.59202261384545229
 0.59204742105791475
 0.59210086156358677
 0.59182806918895781
 0.59146479725280499
 0.59194273814561138
 0.59220436920286879
 0.59176514064567409
 0.59154599874631542
 0.59189624653384987
 0.59175341181041374
 0.59193842280849374
 0.59190248233751031
 0.59164272258245776
 0.59185913997940831
 0.59192700713123436
 0.59197114304036913
 0.59162303397149463
 0.59179520766594562
 0.5919696839710592
 0.59187227228116068
 0.59149573231290276
 0.59184784249214262
 0.5919562826811271
 0.59165615430679619
 0.59141586423832482
 0.59240964539275698
 0.59194230000192705
 0.5914716711842215
 0.59165609920182671
 0.59175420251850086
 0.59187282488597071
 0.59177276757694608
 0.59186681764478144
 0.59183486162816079
 0.59169153115707762
 0.59190792652270319
 0.5917840616727662
 0.5916637310296069
 0.59195029927908549
 0.59172604205386869
 0.59171546455717061
 0.5919281175032679
 0.59165167093190763
 0.59183409351189564
 0.59181133349087389
 0.59165853733572515
 0.59188533241458208
 0.59166871663236875
 0.59176242711486282
 0.59178992642880324
 0.59160504879784859
 0.59179166831133012
 0.59166122208054017
 0.59158565379551287
 0.59173253554128324
 0.59158825050115504
 0.59149317419380576
 0.59155067521657589
 0.59127184628619611
 0.59094398783736724
 0.59068186486836383
 0.59049194981008424
 0.59037228696529809
 0.59032077358019008
 0.59033531675624984
 0.59041357849213361
 0.59055268315131704
 0.59074889350693205
 0.59099723829031958
 0.59129107098655698
 0.59162153654762417
 0.59197691825440657
