# Created by Octave 5.2.0, Thu Sep 03 22:58:39 2020 CEST <tkanas@tkanas>
# name: solutions
# type: cell
# rows: 1
# columns: 12
# name: <cell-element>
# type: matrix
# rows: 1
# columns: 401
 -341.67586883114961 -419.09551265485044 -428.04491302770145 -437.04437945242694 -446.08998695481404 -455.1744931321017 -464.28800604022479 -473.41863310008443 -482.55308152757732 -491.67719284742691 -500.77640281885613 -509.83612441599485 -518.84205598258677 -527.78041974868472 -536.63813785772766 -545.40295412989508 -554.06351016506437 -562.6093842278035 -571.03110080527324 -579.32011791967182 -587.46879832571244 -595.4703697248051 -603.3188781533313 -611.00913780236783 -618.53667973039262 -625.89770125283781 -633.08901723414863 -640.10801406250539 -646.95260674255485 -653.62119928318145 -660.11264837086412 -666.4262301904555 -672.56161017217403 -678.51881539532462 -684.29820935721386 -689.90046881267722 -695.32656240004701 -700.57773078882178 -705.65546810945818 -710.56150445396611 -715.29778926543975 -719.8664754639949 -724.26990418459343 -728.5105900284085 -732.59120675306656 -736.51457334828012 -740.28364046153263 -743.9014771540933 -747.37125798026011 -750.69625039302173 -753.87980248702991 -756.92533109547014 -759.83631026102341 -762.61626010329235 -765.26873610552877 -767.79731884299883 -770.20560417382524 -772.49719391079941 -774.67568698991579 -776.74467114813524 -778.70771511946316 -780.56836135494302 -782.33011926858842 -783.99645900786527 -785.57080574411987 -787.05653447523889 -788.45696533011494 -789.77535936193829 -791.01491481519543 -792.17876384932003 -793.26996970045252 -794.29152426134203 -795.24634605860399 -796.13727860571703 -796.96708910967823 -797.73846750905977 -798.45402582110819 -799.11629777572614 -799.72773871447282 -800.29072573316841 -800.80755804728517 -801.28045755997414 -801.7115696133003 -802.10296390417557 -802.45663554719977 -802.77450626768893 -803.05842570896164 -803.31017283897472 -803.53145744230505 -803.72392168439808 -803.88914173595083 -804.02862944615595 -804.14383405443175 -804.23614393108858 -804.30688833818283 -804.35733920261828 -804.38871289422161 -804.40217200229301 -804.39882710474023 -804.37973852452194 -804.34591806875562 -804.29833074631983 -804.23789646034265 -804.16549167240896 -804.08195103574383 -803.98806899508304 -803.88460135122307 -803.77226678866043 -803.65174836501092 -803.52369496115557 -803.38872269134424 -803.24741627272999 -803.10033035396691 -802.94799080272992 -802.79089595219898 -802.62951780662524 -802.4643032063052 -802.29567495237507 -802.12403289192378 -801.9497549640314 -801.77319820741536 -801.59469973041121 -801.41457764410973 -801.23313195945241 -801.0506454492039 -800.86738447567109 -800.68359978513979 -800.49952726992706 -800.31538869904625 -800.13139241843101 -799.94773402166163 -799.76459699220959 -799.58215331809913 -799.40056407995928 -799.21998001340842 -799.0405420466775 -798.86238181439205 -798.68562214838857 -798.51037754645472 -798.33675461983273 -798.16485252030611 -797.99476334771975 -797.82657253865955 -797.66035923712195 -797.49619664786803 -797.33415237319889 -797.17428873386382 -797.01666307474534 -796.8613280560013 -796.70833193028534 -796.55771880663372 -796.40952890163567 -796.26379877843294 -796.12056157409529 -795.979847215885 -795.84168262694197 -795.70609192183235 -795.5730965924613 -795.44271568476063 -795.31496596662453 -795.18986208743354 -795.06741672965006 -794.94764075276612 -794.83054333004054 -794.71613207832957 -794.60441318133974 -794.49539150665964 -794.38907071679762 -794.28545337460287 -794.18454104327645 -794.08633438126037 -793.99083323226671 -793.89803671066647 -793.80794328248351 -793.72055084219676 -793.6358567855724 -793.55385807871767 -793.47455132354537 -793.3979328198335 -793.32399862403793 -793.25274460504545 -793.18416649699839 -793.1182599493518 -793.05502057429908 -792.99444399169931 -792.93652587163297 -792.88126197470922 -792.82864819023382 -792.77868057234787 -792.73135537423627 -792.68666908050727 -792.64461843783647 -792.60520048394903 -792.5684125750322 -792.53425241166156 -792.50271806328283 -792.47380799135419 -792.44752107119484 -792.42385661258277 -792.40281437919884 -792.38439460691461 -792.36859802102504 -792.35542585242388 -792.34487985279566 -792.33696230884254 -792.33167605557935 -792.3290244887379 -792.32901157629908 -792.33164186917054 -792.3369205110381 -792.34485324740979 -792.3554464338572 -792.36870704346381 -792.38464267349616 -792.40326155129469 -792.42457253937755 -792.44858513977749 -792.47530949757754 -792.50475640364334 -792.53693729655231 -792.57186426369333 -792.60955004150389 -792.65000801483529 -792.69325221541339 -792.73929731936312 -792.78815864375065 -792.83985214211361 -792.89439439892226 -792.95180262292956 -793.01209463934936 -793.07528888080185 -793.14140437696096 -793.21046074283026 -793.28247816556154 -793.3574773897551 -793.43547970111604 -793.51650690839188 -793.60058132348024 -793.68772573959268 -793.77796340734346 -793.87131800864495 -793.96781362826175 -794.06747472288055 -794.17032608752254 -794.27639281913355 -794.38570027718663 -794.49827404106099 -794.61413986402897 -794.73332362360497 -794.85585126803016 -794.9817487586331 -795.11104200780153 -795.243756812279 -795.37991878147204 -795.51955326046323 -795.66268524735847 -795.80933930461072 -795.95953946394104 -796.11330912441792 -796.27067094326469 -796.43164671891066 -796.596257265811 -796.76452228045969 -796.93646019806226 -797.11208803924876 -797.29142124618591 -797.47447350740083 -797.66125657061309 -797.85178004276133 -798.04605117644235 -798.24407464187243 -798.44585228344351 -798.65138285988837 -798.86066176701411 -799.07368074187673 -799.29042754722866 -799.51088563496421 -799.7350337872391 -799.96284573383389 -800.19428974425387 -800.42932819296391 -800.66791709604479 -800.91000561745898 -801.15553554301471 -801.40444071994955 -801.65664645999618 -801.91206890358831 -802.17061434276377 -802.43217850016129 -802.69664576131754 -802.96388835734194 -803.23376549482191 -803.50612242963462 -803.78078948113705 -804.05758098297633 -804.33629416652104 -804.61670797269335 -804.89858178767486 -805.18165409772269 -805.46564105799155 -805.75023496997437 -806.03510266181684 -806.31988376539982 -806.6041888837359 -806.8875976417612 -807.16965661324105 -807.44987711601073 -807.72773286728716 -808.00265749030268 -808.27404186292313 -808.5412312983741 -808.80352254754712 -809.0601606117192 -809.31033535382164 -809.55317789564413 -809.78775678758973 -810.01307393674267 -810.2280602781376 -810.43157117317128 -810.62238151809413 -810.79918054445989 -810.9605662922753 -811.10503973540085 -811.23099853746987 -811.33673041523662 -811.42040608484069 -811.48007176492376 -811.51364120892617 -811.51888723717298 -811.49343273749139 -811.43474110120178 -811.34010605922151 -811.20664088083674 -811.03126689536543 -810.81070129445015 -810.54144417009115 -810.21976474072471 -809.84168671469081 -809.4029727372681 -808.89910786410292 -808.32528200029958 -807.67637124065425 -806.94691804248316 -806.13111015824825 -805.22275825062354 -804.21527210784086 -803.10163537202664 -801.87437868780785 -800.52555117268582 -799.04669010454143 -797.42878871511391 -795.66226197136791 -793.73691021932234 -791.64188055707211 -789.36562579546296 -786.89586085603753 -784.21951644651563 -781.32268984411621 -778.19059260646338 -774.80749501857429 -771.15666707251864 -767.22031576364941 -762.97951847386014 -758.41415219800149 -753.50281835443286 -748.22276290451066 -742.54979148870882 -736.45817926883228 -729.92057514645614 -722.90790000716981 -715.38923861838259 -707.33172478525944 -698.70041934472169 -689.45818055130349 -679.5655263808469 -668.9804882485281 -657.65845560636319 -645.55201085208409 -632.61075394600107 -618.7811160950655 -604.0061618238127 -588.22537871018346 -571.37445402054129 -553.3850374329819 -534.18448899214752 -513.69561139411576 -491.83636566023353 -468.51956923114398 -443.6525755103408 -417.13693393624516 -388.86802981201339 -358.73470346553148 