# Created by Octave 5.2.0, Thu Sep 03 22:56:09 2020 CEST <tkanas@tkanas>
# name: solutions
# type: cell
# rows: 1
# columns: 12
# name: <cell-element>
# type: matrix
# rows: 1
# columns: 201
 -1198.762247929501 -1210.0196459856363 -1328.0264573479215 -1409.5166626403363 -1545.5271935800856 -1584.1494999682438 -1672.3820296664314 -1760.7100919353068 -1848.0845420942173 -1933.5439329243352 -2016.2495836518074 -2095.5070482694641 -2170.7751571364056 -2241.664422597275 -2307.9271701036455 -2369.4420025909403 -2426.195075188728 -2478.2602567815034 -2440.8675006619751 -2567.5749793503005 -2606.7490554284336 -2642.0370058969497 -2673.6968993949154 -2701.9880931670791 -2727.1641965767267 -2749.4677242629814 -2775.814342259298 -2796.108157170479 -2812.6582055975227 -2827.3841667403462 -2840.4733542592198 -2852.0970297651484 -2862.4110101530846 -2871.5564675086011 -2879.6608477353298 -2886.8388516223708 -2893.1934363917489 -2898.8168072424469 -2903.7913774594017 -2908.1906826883355 -2912.0802403559719 -2915.5183492617143 -2918.5568273526242 -2921.2416878480994 -2923.6137553885919 -2925.7092248961826 -2927.5601664748542 -2929.1949800381726 -2930.6388035087998 -2931.913878443946 -2933.0398768481759 -2934.0341927738145 -2934.9122021048056 -2935.6874936899812 -2936.3720747518551 -2936.9765532543061 -2937.5102996764863 -2937.9815904130696 -2938.3977348070921 -2938.765187621932 -2939.0896485742228 -2939.376150380358 -2939.629136614762 -2939.852530537933 -2940.0497959258141 -2940.2239908180022 -2940.3778149999616 -2940.5136519429011 -2940.6336058428928 -2940.7395343280882 -2940.833077337531 -2940.9156826172161 -2940.9886282282278 -2941.0530424150761 -2941.1099211430974 -3039.2007988945861 -2941.2058708510876 -2941.2448553284735 -2941.279267846166 -2941.3096396132564 -2941.3364393145289 -2941.3600803826193 -2941.3809274108212 -2941.3993018065526 -2941.4154867734496 -2941.4297316998482 -2941.442256022101 -2941.4532526226167 -2941.4628908160762 -2941.4713189697818 -2941.4786667993058 -2941.4850473751703 -2941.4905588715583 -2941.4952860843941 -2941.4993017426682 -2941.5026676328516 -2941.5054355545867 -2941.5076481218703 -2941.5093394226951 -2941.5105355472483 -2941.5112549928067 -2941.5115089519113 -2941.5113014880931 -2941.5106296022027 -2941.5094831901888 -2941.507844891933 -2941.5056898289276 -2941.5029852266002 -2941.4996899158846 -2941.4957537062005 -2941.4911166203647 -2941.4857079798371 -2941.4794453262207 -2941.4722331625412 -2941.463961495137 -2941.4545041537931 -2941.4437168644258 -2941.4314350447489 -2941.4174712893396 -2941.4016125053549 -2941.3836166552824 -2941.3632090565116 -2941.3400781813093 -2941.3138708925617 -2941.2841870424404 -2941.2505733510225 -2941.2125164709582 -2941.1694351318592 -2941.1206712438079 -2941.0654798233431 -2941.0030175873512 -2940.9323300396245 -2940.8523368516931 -2940.7618153132994 -2940.6593815981323 -2940.5434695568042 -2940.4123067108462 -2940.2638870785436 -2940.0959404142864 -2939.9058973880769 -2939.6908501689381 -2939.4475078051364 -2939.172145713716 -2938.8605485008438 -2938.5079452312634 -2938.1089361486265 -2937.6574097159264 -2937.1464486955465 -2936.5682238188206 -2935.9138734025523 -2935.173367052274 -2934.3353513451234 -2933.3869751058573 -2932.3136915725036 -2931.0990343895132 -2929.7243639593516 -2928.1685802228899 -2926.4077974166062 -2924.4149757628179 -2922.159504378742 -2919.6067289296379 -2916.7174166904169 -2913.4471507029675 -2909.7456436102243 -2905.5559604928694 -2900.8136386124947 -2895.4456903525129 -2889.3694738198374 -2882.4914134977066 -2874.7055509897518 -2865.891903230176 -2855.9146025128434 -2844.6197892646856 -2831.833224601502 -2817.3575852954373 -2800.9693987825763 -2782.4155701659083 -2761.4094467338209 -2737.6263582128104 -2710.6985626895039 -2680.2095187375835 -2645.6873936194397 -2606.5977053281799 -2562.3349824986831 -2512.2133106247265 -2455.4556153212434 -2391.1815132806705 -2318.3935387641718 -2235.961527573646 -2142.6049110481431 -2036.8726392460337 -1917.1204145960212 -1781.4848744874196 -1627.8543139541359 -1453.8354941706875 -1256.7160834841638 -1033.4226119838131 -780.47630935322354 -493.9653743672875 -169.95927490268434 0



