# Created by Octave 5.2.0, Sat Sep 05 07:05:33 2020 CEST <tkanas@tkanas>
# name: solutions
# type: cell
# rows: 1
# columns: 8
# name: <cell-element>
# type: matrix
# rows: 401
# columns: 1
 0.069958830333279987
 0.070045711901652583
 0.069993157295399344
 0.070056466134731529
 0.070081300284675949
 0.070105363669786605
 0.070128612559670608
 0.070151001488472947
 0.070172483705500749
 0.070239420804014061
 0.0702138305527127
 0.070232286397633722
 0.070249694644026459
 0.070266037578708862
 0.070281305076550935
 0.070295495627462012
 0.070308615374592875
 0.070320677321160194
 0.070331702145125338
 0.070341716259659376
 0.070350752312568487
 0.070358847102078834
 0.07036604187838584
 0.070372381206321319
 0.07037791201075061
 0.07038268367484099
 0.070386746011465023
 0.070390149743960281
 0.070392945144387195
 0.070395182142523882
 0.070396910258598955
 0.07039817650300656
 0.07039902638857784
 0.07039950337244219
 0.070399648687587399
 0.070399500999829612
 0.070399096209605036
 0.070318360211862191
 0.070397705166902788
 0.070396726992242503
 0.070395606240914885
 0.070394365206770906
 0.070393023532873564
 0.070391598346376774
 0.070390104137713641
 0.070388553177910304
 0.070386955489530875
 0.070385318931880853
 0.070383649417847888
 0.07038195093002246
 0.070380225770997021
 0.070378474563948024
 0.070376696480186435
 0.070374889237516308
 0.070373049191428144
 0.070371171706947455
 0.070369250711245807
 0.070367279156103815
 0.070365249156986762
 0.070363151657377762
 0.070360976808208853
 0.070358713911821011
 0.070356351299781947
 0.070353876622352915
 0.07035127665262382
 0.07034853738176719
 0.070345643902671534
 0.070342580584429409
 0.070339330957729818
 0.07033587744598345
 0.070332201999003932
 0.070328285113113995
 0.070324106677497417
 0.070319645333154573
 0.070314878739342737
 0.070309783192213246
 0.070304333893574503
 0.070298504590623492
 0.070292267964906577
 0.071067211145714265
 0.47427143449643339
 0.44954836132350656
 0.42707460518181073
 0.40649465810393492
 0.38752323804285238
 0.36992702170593594
 0.35351391170337038
 0.33812466960978027
 0.32362641859224134
 0.30990759030450971
 0.29687397792883158
 0.28444563580774818
 0.27255443031745585
 0.26114209718232934
 0.25015870041152166
 0.23958141147474832
 0.75243106753606381
 0.74290534608756764
 0.73400042840086921
 0.72567607623181074
 0.71788145121264491
 0.71057211455052949
 0.70370898785091895
 0.69725750426944821
 0.69118691400586207
 0.68546971493257125
 0.68008118446672339
 0.67499899322154622
 0.67020288472149792
 0.6656744085237114
 0.66139669666855661
 0.65735427535251312
 0.65353290539571385
 0.6499194463420036
 0.6465017400193751
 0.64326851027923149
 0.64020927618552159
 0.63731427647022754
 0.63457440348860006
 0.63198114520687998
 0.62952653401458336
 0.627203101377521
 0.62500383750357658
 0.62292215532145823
 0.62095185821453669
 0.61908711099060587
 0.61732241371558727
 0.61565257801871343
 0.61407270559880234
 0.61257816866130166
 0.61116459206738094
 0.60982783700676835
 0.60856398602476969
 0.60736932926557663
 0.60624035179194891
 0.60517372189927798
 0.60416628029352704
 0.60321503006792154
 0.60231712741383181
 0.60146987295953702
 0.60067070373584297
 0.5999171856569353
 0.59920700651063996
 0.59853796940127424
 0.59790798660911826
 0.59731507383131688
 0.59675734476922226
 0.59623300607202645
 0.59574035251144253
 0.59527776155680667
 0.59478359481370369
 0.59441052810582451
 0.59403089192315717
 0.59367550178145889
 0.59334310064945939
 0.59303248671146191
 0.59274245934259673
 0.59247156888724961
 0.59221764124800291
 0.59197763105685053
 0.59174964223640936
 0.5915572780422087
 0.59156758261345987
 0.59190997147564994
 0.59191030906071873
 0.59168776916911126
 0.59221079068361848
 0.59211262139550047
 0.59176690441705071
 0.59156443436636774
 0.59141456354096289
 0.59127733181432574
 0.59113566034971565
 0.59100931649930244
 0.59089429022500561
 0.59078919984076295
 0.59069336324648247
 0.59060624491113156
 0.59052735184993954
 0.59045621724067254
 0.59039239748591721
 0.59033547094900041
 0.59028503691993672
 0.59024071462491856
 0.59020214229963086
 0.59016897628931331
 0.59014089019266214
 0.59011757405979259
 0.59009873360286125
 0.59008408946562851
 0.59007337650250946
 0.590066343127436
 0.59006275064196156
 0.59006237263849104
 0.59006499441540616
 0.59007041241459324
 0.59007843367827739
 0.59008887536505306
 0.59010156422910665
 0.59011633620177284
 0.59013303591068378
 0.59015151628365459
 0.59017163812665774
 0.59019326978999254
 0.5902162867082994
 0.5902405711511659
 0.59026601185183325
 0.59029250367106045
 0.59031994732853676
 0.59034824909571404
 0.59037732052216974
 0.59040707818893035
 0.59043744344363613
 0.59046834216944122
 0.5904997045466851
 0.59053146486739871
 0.59056356128414422
 0.59059593566522539
 0.59062853336594046
 0.59066130306365283
 0.59069419658888533
 0.59072716877963705
 0.59076017729445451
 0.59079318248012747
 0.59082614723740479
 0.59085903689482244
 0.59089181905415611
 0.59092446347682548
 0.59095694198950832
 0.59098922835739165
 0.59102129815013571
 0.59105312872613391
 0.59108469899006133
 0.59111598949145505
 0.59114698205053406
 0.59117766029399477
 0.59120800863187417
 0.59123801286055189
 0.59126765984682961
 0.59129693804495564
 0.59132583606005151
 0.59135434409232812
 0.59138245276716384
 0.59141015393208052
 0.59143744001442855
 0.59146430392951221
 0.59149073951480935
 0.59151674119099373
 0.59154230340537706
 0.59156742250095873
 0.5915920927376831
 0.59161631139344417
 0.59164007461606849
 0.59166337928253487
 0.5916862223831717
 0.59170860119070934
 0.59173051308853764
 0.59175195561550564
 0.59177292636505829
 0.59179342299340176
 0.59181344298236238
 0.59183298411705665
 0.59185204377802758
 0.59187061931668816
 0.59188870790515336
 0.59190630658769383
 0.59192341211101673
 0.59194002097657117
 0.59195612935892905
 0.59197173310858031
 0.591986827765563
 0.59200140847760307
 0.59201547001194377
 0.59202900664281133
 0.59204201242061227
 0.59205448068280642
 0.5920664046909444
 0.59207777695775277
 0.5920885900318239
 0.59209883531988805
 0.59210850475826848
 0.59211758936879599
 0.59212608000916656
 0.59213396738216983
 0.59214124190605011
 0.59214789382210975
 0.59215391342039558
 0.59215929080637797
 0.59216401633859728
 0.59216808033636981
 0.59217147321155694
 0.59217418586346848
 0.5921762094735612
 0.59217753561790776
 0.59217815632179249
 0.59217806430148934
 0.5921772523493648
 0.59217571490253074
 0.59217344610980771
 0.59217044118851014
 0.59216669625297946
 0.59216220806376485
 0.59215697402505652
 0.59215099226898327
 0.59214426202875337
 0.59213678278976234
 0.5921285548915376
 0.59211957947740401
 0.59210985758317525
 0.59209939137195722
 0.59208818185214895
 0.59207622879412192
 0.59206352773097293
 0.59205006561480555
 0.59203581517921477
 0.5920207204972846
 0.59200469395099342
 0.59198759211946561
 0.59196921017613535
 0.59194927248606344
 0.59192743646528723
 0.59190331886470493
 0.59187659129013193
 0.5918471967341683
 0.59181562645009222
 0.59178279358682628
 0.59174931919905027
 0.59171498569175485
 0.59167891336257805
 0.59164139315035047
 0.59160615865030486
 0.59158153303448058
 0.5915798980679321
 0.59160450362548567
 0.59163350364717449
 0.59164917254491822
 0.59165311501630413
 0.59165632025514836
 0.5916534132012331
 0.59163368075111089
 0.59160635343046575
 0.59158189799661764
 0.59156831726785852
 0.59157055317194274
 0.59156326131512327
 0.59153660033231426
 0.59153892077833248
 0.59167700607400076
 0.59197754104955502
 0.5921282683470005
 0.59210182737734274
 0.59203288134594911
 0.59198131098856821
 0.59200834128314506
 0.59220478523594011
 0.59215627261711723
 0.59186023438993129
 0.59176789990373946
 0.59163590490311768
 0.59165272468264429
 0.59184623469795039
 0.59183990858602531
 0.59174118412845322
 0.59164002442167052
 0.59155500495040148
 0.59159760905479386
 0.59198580119767608
 0.59216705310396933
 0.59208335271846457
