# Created by Octave 5.2.0, Wed Sep 02 21:34:52 2020 CEST <tkanas@tkanas>
# name: grads
# type: matrix
# rows: 8
# columns: 51
 58115.384128017999 61865.279456503478 64655.176081344754 68218.349240393203 72288.705177426149 78663.524391378509 86442.908023733064 97067.307557952692 111779.97823541566 131248.15811526604 155175.24051817661 185648.77409258857 223690.84153005463 270303.68672975129 325449.62068764679 392303.69976056571 410238.64343452489 -4218.5119981803709 -4192.4762174528814 -4086.6347952608603 -4112.4320699359323 -4061.7958198580877 -4111.4081201872623 -4042.4284653606715 -4027.2378323017324 -4038.7296077142232 -3981.0389452156128 -3944.0720093925293 -3970.9237797547489 -4033.0738920618055 -4046.3568526712461 -4121.9343473283334 -4138.4663440068553 -4114.7772765614109 -4188.5582387741251 -4197.9095664988336 -4141.0494809606389 -4210.729324306385 -4350.0491441263193 -4298.2634324082101 -4505.6996836213193 -4481.4422255031468 -4493.5599150961598 -4307.319868942247 -4162.4298291680825 -3684.818321508264 -3116.9392185850052 -2401.547083820903 -1489.8561739022214 -513.77123088940971 0
 58696.195410806809 62722.771183277342 64590.807417282755 68326.125446863822 71964.520195295161 80240.697162350756 89314.055295618891 99773.683945787343 116628.8044077135 133662.35573122531 153461.02701552861 191209.57704846773 224487.02838847385 266376.44962190883 325504.37274315668 385918.004454343 408355.08676127176 -4074.2623199393479 -3770.212246676836 -3874.6457274826789 -4269.1395042509876 -3922.5118860866419 -3709.5849056603774 -4191.9086236436324 -3735.3258376934209 -4136.3944773175544 -4334.8442123585728 -3876.0147858230048 -4010.9464480874317 -4410.6584015939779 -4034.3537399569991 -3797.4130841121496 -4050.0219674109835 -4422.4782396088021 -4131.254697539096 -4506.9581235416927 -4421.4809359781448 -3977.1515266451734 -4550.8787337247895 -4390.8927416985016 -4226.8427137207182 -4725.5173271173271 -5058.2537385431742 -4700.2184189079053 -4373.1158480074146 -3782.9438802779264 -3432.5085533262936 -2542.7362586605082 -1631.2632233976353 -566.77807225554466 0
 59913.08875739645 70915.820895522382 71811.568484848482 74167.57073170731 72656.319290465632 86974.908527131789 99280.068085106381 98120.938547486032 142577.45955249571 128481.6442687747 156170.89361702127 225671.79130434783 212851.96581196581 310927.44376278121 360384.37281553401 377409.54359925789 395333.85996409337 -3971.878787878788 -4568.9586056644885 -3632.4803695150117 -3767.3389221556886 -2529.7370325693605 -3709.5849056603774 -4793.4902857142861 -3503.0378619153676 -3449.2631578947367 -2279.5130434782609 -4559.0260869565218 -4588.9540481400436 -5799.646017699115 -5930.8597285067872 -7349.8317757009345 -7589.211097708082 -6409.3887530562351 -3813.0036363636364 -3864.5307125307127 -4981.3586698337294 -4974.2694497153698 -6695.8876117496811 -6159.0367107195298 -6384.0243531202432 -6523.0233281493001 -7586.1607717041798 -4276.4110929853177 -3241.3477588871715 -2803.6791443850266 -3318.2784810126582 -3635.2788906009246 -2175.4688796680498 -731.22454672245465 0
 46260.705882352944 58254.222222222219 75800.674698795177 67650.06451612903 93206.755555555559 131072 178481.02127659574 233016.88888888888 144631.1724137931 164482.50980392157 89240.51063829787 91180.521739130432 -111550.63829787234 342392.1632653061 967916.30769230775 932067.5555555555 0 -9892.2264150943392 -11397.565217391304 0 0 0 0 0 0 0 0 -11397.565217391304 0 0 0 0 0 0 0 0 -12483.047619047618 -9892.2264150943392 -13443.282051282051 0 0 0 0 0 0 0 -11155.063829787234 -8065.9692307692312 -5461.333333333333 -1820.4444444444443 0
 0 -209715.20000000001 0 0 -209715.20000000001 -349525.33333333331 -1258291.2 -1198372.5714285714 699050.66666666663 0 0 -838860.80000000005 1677721.6000000001 2516582.3999999999 838860.80000000005 2516582.3999999999 0 0 0 0 0 0 0 0 0 0 0 0 0 0 0 0 0 0 0 0 0 0 0 0 0 0 0 0 0 0 0 0 -26214.400000000001 0 0
 0 -524288 0 0 NaN -2097152 NaN 0 4194304 0 NaN NaN NaN NaN 0 0 0 0 NaN 0 0 0 0 0 0 NaN NaN NaN NaN NaN 0 0 0 0 0 0 0 0 0 0 0 0 0 0 0 0 NaN 0 NaN 0 0
 NaN NaN NaN NaN NaN NaN NaN NaN NaN NaN NaN NaN NaN NaN NaN NaN NaN NaN NaN NaN NaN NaN NaN NaN NaN NaN NaN NaN NaN NaN NaN NaN NaN NaN NaN NaN NaN NaN NaN NaN NaN NaN NaN NaN NaN NaN NaN NaN NaN NaN 0
 NaN NaN NaN NaN NaN NaN NaN NaN NaN NaN NaN NaN NaN NaN NaN NaN NaN NaN NaN NaN NaN NaN NaN NaN NaN NaN NaN NaN NaN NaN NaN NaN NaN NaN NaN NaN NaN NaN NaN NaN NaN NaN NaN NaN NaN NaN NaN NaN NaN NaN 0


