# Created by Octave 5.2.0, Mon Jun 08 01:04:44 2020 CEST <tkanas@tkanas>
# name: old_p0
# type: matrix
# rows: 51
# columns: 1
 1.3113516711114603
 1.6783179640928503
 2.0220062481089318
 2.3327105846076739
 2.5445198317382283
 2.7088906621675708
 2.8169888980973261
 2.8893566178183909
 2.9320692090267912
 2.9583232026967736
 2.9742578171135841
 2.9837406723360553
 2.9891190533288414
 2.9917426180001412
 2.9922750628292447
 2.9908389729374867
 2.9870846850059567
 2.9800433579122307
 2.9985863345254757
 2.9997445068524877
 2.9998557959368988
 2.999923158294711
 2.9999655901115112
 2.9999899178946507
 3
 3
 2.9999996879464104
 2.9999833568441239
 2.9999584188569721
 2.9999189373509743
 2.9998438376206291
 2.999721840220785
 2.9995226688955534
 2.9991908172403448
 2.9986526725076939
 2.9977684298798644
 2.996322891000029
 2.9939476956335622
 2.9900548324529046
 2.9836624029037062
 2.9731800162331385
 2.9559688941285152
 2.9277173498348779
 2.8813279892347237
 2.8051165732174224
 2.6798790832489074
 2.4739946889242708
 2.1353793842851894
 1.5781973404726215
 0.66098576741112758
 0.00038587395182976606


