# Created by Octave 5.2.0, Mon Jun 08 01:04:54 2020 CEST <tkanas@tkanas>
# name: p0
# type: matrix
# rows: 51
# columns: 1
 2.982669484964795
 0.70660200996140765
 1.7429789064796943
 1.316021592912487
 3
 2.9287258826841138
 3
 3
 3
 3
 3
 2.9999999999999991
 3
 3
 3
 3
 2.9477337007950184
 2.8857968885762029
 2.8393320053325701
 2.7340545927759208
 2.6577257948899455
 2.5783021867568765
 2.4957244271765839
 2.4099093014738573
 2.3207571558362265
 2.2281564819075208
 2.1319867217022836
 2.0321200692848347
 1.9284228053089083
 1.8207566237851414
 1.7089803837524602
 1.5929528621650888
 1.472537332868493
 1.3476092476642236
 1.2180690987486598
 1.0838639148055698
 0.94502347166316025
 0.80172271259361483
 0.65439494972493228
 0.50395793821144519
 0.35235071358700704
 0.20425140633710193
 0.16920167341518061
 0.38911266431785529
 0.12758600199846168
 0.12438238856060815
 0.12851152639953434
 0.12869900226804221
 0.12946705397741395
 0.20995233951459047
 0.54625544979684826


