# Created by Octave 5.2.0, Fri Aug 07 20:31:30 2020 CEST <tkanas@tkanas>
# name: p
# type: matrix
# rows: 401
# columns: 1
 5.2840679250308449e-07
 0.020633487307192853
 0.0046358301284309764
 0.021689880742328121
 0.025925830831210941
 0.029373921262969692
 0.032171760361208578
 0.034493745189441177
 0.036516399595479233
 0.055066738133144777
 0.040442155015722479
 0.042353815808570165
 0.044382979118777484
 0.04655069908912491
 0.048856750323767753
 0.051286038712645823
 0.053814246727392927
 0.05641237852018452
 0.059050178168661392
 0.061698527170405359
 0.06433098935182599
 0.066924687952793799
 0.069460689515127211
 0.071924045490400046
 0.074303613822869971
 0.07659175451792502
 0.078783968187587025
 0.080878525993838934
 0.082876123463897763
 0.084779579015480208
 0.086593590125730507
 0.08832455515770557
 0.089980466526864991
 0.091570880453234055
 0.093106969662386588
 0.094601667080952356
 0.096070005685388607
 0.087956790640743229
 0.098872642976861019
 0.10036511698946217
 0.1019189527634958
 0.10356910253679907
 0.10535906181688931
 0.10734382792519619
 0.10959422845016281
 0.11220320943653753
 0.11529513922232973
 0.11903985992989308
 0.12367440951576314
 0.12953751384125464
 0.13712611641634806
 0.14719169180594024
 0.16091226006541701
 0.18020241715000018
 0.20799485833130843
 0.24883348228758639
 0.3129139262318138
 0.41819013176851338
 0.5969732146475929
 0.89503157000972022
 1.3171386772819136
 1.6145459730337532
 1.4696414505594741
 1.1095221292273396
 0.81207133729354597
 0.616077369189867
 0.4905661155470068
 0.40808561424523149
 0.35181901925807829
 0.31201451621911308
 0.2829381253080272
 0.26110798524840673
 0.24433317398888521
 0.23118720171896939
 0.22071187302084064
 0.21224531788154322
 0.20531886729257071
 0.19959330609296921
 0.19481835213495621
 0.19080623998137647
 0.18741410108707274
 0.184531977258487
 0.18192977229099111
 0.17975655140700292
 0.17790656789470202
 0.17630647135674807
 0.18149393673678843
 0.21809028726977298
 0.21794056099818476
 0.2177774419871272
 0.21759987687942944
 0.21740683777488926
 0.21719748516517931
 0.21697123203675198
 0.21672775604473887
 0.21646698851416607
 0.21619405468429689
 0.21718722806001492
 0.21686214904918349
 0.21652261864770816
 0.21616940108361801
 0.21580350875900886
 0.21542608323850432
 0.21503838448653537
 0.21464177758264588
 0.21423771728838617
 0.21382773074955674
 0.21341339857955763
 0.21299633458755984
 0.21257816443109778
 0.21216050350671509
 0.21174493442708081
 0.21133298446972229
 0.2109261034197657
 0.21052564227008025
 0.21013283328612015
 0.20974877199903855
 0.20937440175028357
 0.20901050149233313
 0.20865767763976215
 0.20831636088483149
 0.20798680902198272
 0.20766911699101326
 0.20736323552448654
 0.20706899999883396
 0.20678617131426497
 0.20651449088401586
 0.20625375210117713
 0.20600389096690677
 0.20576509893859182
 0.20553796150804568
 0.20532362658027312
 0.20512400745262213
 0.20494202615476712
 0.20478190416458986
 0.20464950915723876
 0.20455276851127357
 0.20450216280271047
 0.2045113153004845
 0.2045976961266372
 0.20478346116003002
 0.20509644358729726
 0.2055713050626829
 0.20625082261489322
 0.20718721250663596
 0.20844321889335762
 0.21009229601487037
 0.21221627071675467
 0.21489654105153572
 0.21819244090273901
 0.62552474581700146
 0.61767569408982625
 0.6159269869378724
 0.61432209270128313
 0.61284871774114691
 0.6114952295915661
 0.61025107630147535
 0.60910672397885868
 0.60805356928015009
 0.60708384701226659
 0.60619054168662212
 0.60536730649186921
 0.60460839064571348
 0.60390857495952033
 0.60326311497564822
 0.60266769088890948
 0.60211836345135283
 0.60161153511424015
 0.6011439157392231
 0.60071249228501333
 0.60031450196256031
 0.59994740840927752
 0.59960888050157468
 0.59929677347371557
 0.59900911205818408
 0.59874407539735619
 0.59849998351786637
 0.59827528517691464
 0.59806854692438838
 0.59787844323701733
 0.59770374760585143
 0.59754332446841663
 0.59739612189424851
 0.59726116494231718
 0.59713754961247012
 0.5970244373495992
 0.5969210500020089
 0.59682666524166716
 0.59674061235610543
 0.59666226839624059
 0.59659105464396511
 0.59652643336203204
 0.59646790480943579
 0.59641500449060658
 0.59636730061997267
 0.59632439178275765
 0.59628590477569332
 0.59625149260907673
 0.59622083265943238
 0.59619362496012818
 0.59616959061564301
 0.59614847033264351
 0.59613002305725449
 0.59611402471025332
 0.59610026701166652
 0.59608855638487501
 0.59607871295402093
 0.59607056958358196
 0.59606397101065112
 0.59605877302571575
 0.5960548417085143
 0.59605205272238615
 0.59605029065249426
 0.59604944839062923
 0.59604942656185522
 0.59605013298936249
 0.59605148219790738
 0.59605339494524756
 0.59605579779140494
 0.59605862269577403
 0.59606180663287611
 0.59606529124996255
 0.59606902253003835
 0.59607295048865583
 0.59607702889021497
 0.59608121497403632
 0.59608546921307948
 0.59608975507612705
 0.59609403880306322
 0.59609828922511321
 0.59610247754762946
 0.5961065771916102
 0.59611056362138259
 0.59611441418925726
 0.59611810799553799
 0.59612162574978667
 0.59612494964694052
 0.5961280632488426
 0.59613095137384708
 0.59613359999713345
 0.59613599615089408
 0.59613812783708209
 0.59613998393926992
 0.5961415541504218
 0.59614282889486703
 0.59614379926118466
 0.596144456937034
 0.59614479414938182
 0.59614480360767852
 0.59614447845080243
 0.5961438121972108
 0.59614279869751996
 0.59614143209153536
 0.59613970676601846
 0.59613761731514725
 0.59613515850322585
 0.5961323252303371
 0.5961291124984176
 0.59612551537900516
 0.5961215289828613
 0.5961171484309592
 0.59611236882622465
 0.5961071852258325
 0.59610159261533358
 0.59609558588282407
 0.59608915979305177
 0.59608230896359105
 0.59607502783991351
 0.59606731067112007
 0.59605915148608657
 0.59605054406894475
 0.59604148193579942
 0.59603195831004274
 0.59602196609783731
 0.59601149786459051
 0.59600054580911055
 0.59598910173959252
 0.59597715704830234
 0.59596470268588708
 0.59595172913670524
 0.5959382263925731
 0.59592418392769231
 0.59590959067333327
 0.59589443499280292
 0.59587870465721193
 0.59586238682151604
 0.5958454680020524
 0.59582793405610401
 0.59580977016231962
 0.59579096080426863
 0.59577148975818794
 0.59575134008333896
 0.59573049411866064
 0.59570893348624221
 0.59568663910251518
 0.59566359120052992
 0.59563976936560015
 0.59561515258782793
 0.59558971933719529
 0.59556344766659408
 0.59553631535296836
 0.59550830008809197
 0.59547937973783815
 0.59544953269523171
 0.59541873836609116
 0.59538697784678651
 0.5953542348878591
 0.59532049729583791
 0.59528575903025771
 0.59525002345454692
 0.59521330858294152
 0.59517565598527478
 0.59513714683858454
 0.59509793306746028
 0.59505830356631451
 0.59501884255169224
 0.59498087255443521
 0.59494800810322568
 0.59493411692119746
 0.59508507696103963
 0.59630744043135997
 0.59501005938283313
 0.59474083831090274
 0.59466529095691179
 0.59461762473985391
 0.59458163352436932
 0.59455005935361249
 0.59450490347739815
 0.59442028893900534
 0.59430111442074651
 0.59417967439883035
 0.59407116505128732
 0.5939738249572023
 0.59388280538099425
 0.5937945835345807
 0.59370705812099722
 0.59361901785798088
 0.59352975199869051
 0.59343882708998918
 0.59334596524470473
 0.5932509774149014
 0.59315372582717085
 0.59305410202416342
 0.59295201341482628
 0.59284737455261594
 0.59274010108592901
 0.59263010526944659
 0.59251729248698848
 0.59240155849694942
 0.59228278690925362
 0.59216084649032685
 0.59203559044185028
 0.59190686648636737
 0.59177457385816745
 0.59163902469952756
 0.59150475476349196
 0.59147480013322595
 0.59132139180197452
 0.59271281246085217
 0.59115232228378423
 0.59156585793378591
 0.59148687506667175
 0.59066301355080919
 0.59045633894811367
 0.59025531438853274
 0.59004505208090241
 0.58982384972940949
 0.58959052686567059
 0.58934378587676539
 0.58908216524252521
 0.58880401170248542
 0.58850744565167523
 0.58819031652625375
 0.5878501446912191
 0.58748404515024721
