# Created by Octave 5.2.0, Fri Aug 07 20:33:39 2020 CEST <tkanas@tkanas>
# name: p_best
# type: matrix
# rows: 401
# columns: 1
 0.013690093295560193
 0.016184376434781152
 0.015006091762153248
 0.016897353990108197
 0.017692902766602348
 0.018446630390857328
 0.0191661037672438
 0.019857291627120011
 0.020524920140930953
 0.022589338887885963
 0.021845115705579957
 0.02246086890955315
 0.023064316791065475
 0.023657042335155476
 0.024240358157351712
 0.024815372328023617
 0.025383045615690891
 0.025944244502059958
 0.026499793921956886
 0.027050533370401586
 0.027597379973342925
 0.0281414024374897
 0.028683910615395079
 0.029226566966968837
 0.02977152883166646
 0.030321634730490883
 0.030880654906179701
 0.031453637730172589
 0.032047402622880083
 0.032671262585504561
 0.033338116549603211
 0.034066155864819522
 0.034881626901129781
 0.035823484797378458
 0.036951597998635177
 0.038362004899437051
 0.040217139762749037
 0.041434937834556859
 0.04641345976198534
 0.052682209276977192
 0.064477616316090586
 0.091373697391355105
 0.17255469987439973
 0.38992289692326992
 0.21203209272230528
 0.089986752528112376
 0.056485545009246407
 0.044678738640390542
 0.03949099465227919
 0.036881230939611973
 0.035451971665754249
 0.034628901674890723
 0.034145017998246791
 0.033864402597433382
 0.033713018599495777
 0.03364847023021264
 0.033645629105257716
 0.033689324424248962
 0.033770415611467298
 0.03388358594199041
 0.034026058244872336
 0.034196827402009251
 0.034396194447465375
 0.034625483463696989
 0.034886873464243996
 0.035183305500355547
 0.035518441133372637
 0.035896657747767048
 0.036323071657793096
 0.03680358293157817
 0.037344936174487052
 0.037954786283365856
 0.038641736040459125
 0.039415233093391518
 0.040284937929604379
 0.041258218879989109
 0.03648743740665579
 0.24511368957844915
 0.2429959747108372
 0.23975351128501429
 0.23668090942499267
 0.2337746698588628
 0.2310344978298251
 0.22846330610486895
 0.2260668806290754
 0.22385323656654824
 0.22183163527636024
 0.22001115643142624
 0.21839863762621467
 0.21699568992287521
 0.21579435635659511
 0.21477078056790366
 0.21387594138474902
 0.21302187893669086
 0.21205863156760363
 0.61066211226225464
 0.60914387733274089
 0.60775959325819773
 0.60649298537561724
 0.60533141405816493
 0.60426379233273841
 0.60328040300792385
 0.60237272558087473
 0.60153327916417831
 0.60075548347960239
 0.60003353769804746
 0.59936231578739418
 0.59873727658159692
 0.59815438669498588
 0.59761005449898974
 0.59710107355647146
 0.5966245741030769
 0.59617798136072409
 0.59575897964717328
 0.59536548140016288
 0.59499560036991683
 0.59464762834720142
 0.59432001489022179
 0.59401134959431257
 0.59372034651390726
 0.59344583040317722
 0.59318672448642795
 0.59294203950864388
 0.5927108638470826
 0.59249235448927484
 0.59228572870555007
 0.59209025625752787
 0.59190525199922406
 0.5917300687320467
 0.59156409018530798
 0.59140672399282423
 0.59125739453609749
 0.59111553552365459
 0.59098058216638927
 0.59085196280237506
 0.59072908980973826
 0.59061134963246398
 0.59049809172245848
 0.59038861617831406
 0.59028215983358978
 0.59017788051200515
 0.59007483912512204
 0.58997197923306821
 0.58986810360423614
 0.58976184716334423
 0.58965164540969739
 0.58953569666884476
 0.58941191473857502
 0.58927786403399651
 0.58912993310750428
 0.59377805127778527
 0.58925828338301389
 0.58920405360774808
 0.58915241984296263
 0.58910345731841485
 0.58905704696534367
 0.589013073421781
 0.58897142513857126
 0.58893199440191524
 0.58889467729497147
 0.5888593736269675
 0.58882598684786658
 0.58879442395628567
 0.58876459540816362
 0.58873641502695218
 0.58870979991769901
 0.58868467038346484
 0.58866094984577111
 0.58863856476677412
 0.58861744457384524
 0.5885975215853273
 0.58857873093738078
 0.58856101051096421
 0.58854430085980325
 0.58852854513752706
 0.588513689025569
 0.58849968066042535
 0.58848647056139769
 0.58847401155739609
 0.58846225871511981
 0.58845116926629881
 0.58844070253606517
 0.58843081987139234
 0.58842148457059529
 0.5884126618134714
 0.58840431859264608
 0.58839642364570444
 0.58838894738933456
 0.58838186185413877
 0.58837514062159735
 0.5883687587627181
 0.58836269277768982
 0.58835692053871791
 0.58835142123353179
 0.58834617531142275
 0.58834116443133289
 0.58833637141198636
 0.58833178018385357
 0.58832737574302818
 0.58832314410808828
 0.58831907227770053
 0.58831514819118891
 0.58831136069077583
 0.58830769948600781
 0.58830415511939982
 0.58830071893520186
 0.58829738304889345
 0.58829414031888816
 0.58829098432023408
 0.58828790931963904
 0.58828491025246266
 0.58828198270074761
 0.5882791228738069
 0.58827632758902981
 0.58827359425510839
 0.588270920856379
 0.5882683059381365
 0.58826574859381586
 0.58826324845281242
 0.58826080566988925
 0.58825842091574243
 0.58825609536822276
 0.58825383070536241
 0.58825162909837736
 0.5882494932068999
 0.58824742617395354
 0.58824543162285958
 0.58824351365415584
 0.58824167684440631
 0.58823992624447519
 0.58823826738024276
 0.58823670625289293
 0.58823524934045301
 0.58823390360039751
 0.58823267647259214
 0.5882315758831963
 0.58823061024956547
 0.5882297884858535
 0.58822912000911876
 0.58822861474678523
 0.58822828314436582
 0.58822813617456693
 0.58822818534687027
 0.58822844271831642
 0.58822892090467782
 0.58822963309316934
 0.58823059305563308
 0.58823181516278267
 0.58823331439961069
 0.58823510638142396
 0.58823720737128327
 0.58823963429806225
 0.58824240477572087
 0.58824553712377536
 0.58824905038832109
 0.58825296436462959
 0.58825729962017215
 0.58826207751945492
 0.58826732024869044
 0.58827305084275872
 0.58827929321200545
 0.58828607217044382
 0.58829341346468511
 0.58830134380359966
 0.58830989088872043
 0.58831908344528494
 0.58832895125358819
 0.58833952518090993
 0.58835083721366221
 0.58836292048996675
 0.58837580933126798
 0.58838953927509852
 0.58840414710614775
 0.58841967088766367
 0.58843614999112015
 0.58845362512586663
 0.58847213836599177
 0.58849173317663872
 0.58851245443741718
 0.58853434846354524
 0.58855746302431888
 0.58858184735782304
 0.58860755218171723
 0.58863462969994429
 0.58866313360416678
 0.58869311906930499
 0.58872464274281322
 0.5887577627268813
 0.58879253855228975
 0.58882903114370544
 0.58886730277469157
 0.58890741701195259
 0.58894943864730143
 0.5889934336165501
 0.58903946890339309
 0.58908761242773799
 0.58913793291558136
 0.58919049975103255
 0.5892453828060521
 0.58930265224863176
 0.58936237832595728
 0.58942463112079302
 0.5894894802800823
 0.58955699471172751
 0.58962724224952823
 0.58970028928211948
 0.58977620034603595
 0.58985503767803993
 0.58993686072782892
 0.59002172562772082
 0.59010968461938473
 0.59020078543720411
 0.59029507065009823
 0.59039257696440739
 0.59049333449453534
 0.5905973660122934
 0.59070468619201355
 0.59081530088019052
 0.59092920643643898
 0.59104638922036012
 0.59116682535045872
 0.59129048094900871
 0.59141731325414892
 0.59154727330335566
 0.59168031157125045
 0.59181638944872339
 0.59195550310646194
 0.5920977360973263
 0.59224338696878043
 0.59239332596627869
 0.5925502256088141
 0.59272456598781309
 0.59461755102753877
 0.59483140994843808
 0.5933104674276386
 0.59332519466812095
 0.59346265024418243
 0.59362094242381391
 0.59378900583613325
 0.59395973479684328
 0.59411277661059991
 0.59421989236660822
 0.59428878228585069
 0.59435319896000383
 0.59442571934214983
 0.59450225591821038
 0.59457647456646978
 0.59464358281166807
 0.59470016826857452
 0.59474361492286554
 0.59477171442871646
 0.5947824529876552
 0.5947739003915542
 0.59474415401965186
 0.59469131261013031
 0.5946134669256069
 0.59450870071595829
 0.59437509855179793
 0.5942107587104215
 0.59401381011212973
 0.59378243270361486
 0.59351488087036453
 0.59320950961945695
 0.59286480445952172
 0.59247941898437673
 0.59205223586272726
 0.591582809518999
 0.59109846406890398
 0.59063903640581983
 0.59023806432145598
 0.59181382793355042
 0.59108140805359199
 0.5914461412413391
