# Created by Octave 5.2.0, Wed Sep 02 19:42:15 2020 CEST <tkanas@tkanas>
# name: p_tstng
# type: matrix
# rows: 51
# columns: 1
 2.9999774372122179
 2.3793942703199651
 1.8321504369374573
 1.3665707096048587
 1.0005593230675334
 0.71598720570138463
 0.52206252582679291
 0.39727756668903591
 0.3223850885022182
 0.28086490001543385
 0.26096253937307506
 0.25540425604891276
 0.26005636275237026
 0.27161042418955461
 0.28593473543711084
 0.29907482690222031
 0.30903121170506459
 0.58573631090024936
 0.50953171560374877
 0.48071356820871031
 0.46354651276340764
 0.46000775694280693
 0.47074165646638311
 0.48597405695924567
 0.49864703206943273
 0.50659055803177799
 0.51028615828462554
 0.51064075339409021
 0.50791777278389794
 0.50153536378896157
 0.49053606413722517
 0.47518932516971329
 0.45992386658942835
 0.45408703726915972
 0.45790089914591064
 0.45202529848938672
 0.46737291367703776
 0.58543454222539038
 0.43488154948414381
 0.37782357331765376
 0.36495112931423829
 0.35718770367987113
 0.34521063427980475
 0.34054358341385998
 0.35939118182805874
 0.41545227565544246
 0.52569225741164471
 0.72107095208861316
 1.0705021390297607
 1.5917823573108936
 0


# name: res_tstng
# type: scalar
324539.52299655939


# name: cvg_tstng
# type: scalar
0


# name: outp_tstng
# type: scalar struct
# ndims: 2
 1 1
# length: 4
# name: user_interaction
# type: scalar struct
# ndims: 2
 1 1
# length: 2
# name: stop
# type: bool matrix
# rows: 0
# columns: 1


# name: info
# type: cell
# rows: 0
# columns: 1





# name: niter
# type: scalar
20


# name: nobjf
# type: scalar
37


# name: constrviolation
# type: scalar
-0




