# Created by Octave 5.2.0, Thu May 07 01:45:51 2020 CEST <tkanas@tkanas>
# name: p0
# type: matrix
# rows: 50
# columns: 1
 2.4805488196157337
 1.0757929077235096
 1.5900953692370987
 2.3310422325745872
 2.7175069196907096
 2.8236497883431988
 2.8306269192884002
 2.8126628988542528
 2.7888786990888224
 2.753704344547391
 2.8047464617766749
 2.4869747932920823
 2.7452063079234228
 2.7233978078323462
 2.7331661866019177
 2.771404933408379
 2.9064787632210396
 3
 3
 2.494445587066092
 2.9783968744048801
 1.9968051085124183
 2.6168267235075069
 2.7403951531022637
 2.9211210280464668
 2.9902691532129273
 2.7842470724263837
 2.9958912437680922
 2.7049562494668642
 2.9485803343545105
 3
 2.8834491865794378
 2.7315513755201648
 2.666299436134
 2.4225639771060417
 2.9912753218007899
 2.2397332870892548
 2.6217166045518798
 2.2338286565547865
 2.6271325074966598
 2.9055417995564881
 3
 3
 2.7529295574614294
 2.7679997482657428
 2.6359111014179146
 2.6138586446572489
 2.0176905377985177
 1.6725719784844275
 1.2771536258420357


