# Created by Octave 5.2.0, Sat Sep 05 08:53:04 2020 CEST <tkanas@tkanas>
# name: p
# type: matrix
# rows: 401
# columns: 1
 0.070549117779856466
 0.070591360897240593
 0.070623651014340733
 0.070656028133592758
 0.070688477231497418
 0.07072097192670751
 0.070753476905431156
 0.070785950223749589
 0.070842305406793538
 0.070851042391802135
 0.070883129849525495
 0.070914988749791269
 0.070946570033978557
 0.070977826564365257
 0.071008713682654961
 0.071039189586955792
 0.071069215557358748
 0.071098756059294402
 0.071127778751204032
 0.071156254420178852
 0.071184156865538292
 0.071211462747220317
 0.071238151412478398
 0.071264204711326551
 0.071289606808768224
 0.071314343999555968
 0.071338404529300473
 0.071361778424708491
 0.071384457334155507
 0.071406434379210043
 0.071427704017104895
 0.071448261913707567
 0.071468104825973863
 0.071487230493534948
 0.071505637537741099
 0.071523325367601115
 0.071540294091412188
 0.071556544433251476
 0.071572077653311611
 0.071586895471325698
 0.071597619701523257
 0.071608137284802989
 0.071619173469398986
 0.071624961868812717
 0.071624961868812717
 0.071624961868812717
 0.071624961868812717
 0.071624961868812717
 0.071624961868812717
 0.071624961868812717
 0.071624961868812717
 0.071624961868812717
 0.071624961868812717
 0.071624961868812717
 0.071624961868812717
 0.071624961868812717
 0.071624961868812717
 0.071624961868812717
 0.071624961868812717
 0.071624961868812717
 0.071624961868812717
 0.071624961868812717
 0.071624961868812717
 0.071624961868812717
 0.071624961868812717
 0.071624961868812717
 0.071624961868812717
 0.071624961868812717
 0.071624961868812717
 0.071624961868812717
 0.071624961868812717
 0.071624961868812717
 0.071624961868812717
 0.071624961868812717
 0.071624961868812717
 0.071624961868812717
 0.071624961868812717
 0.071624961868812717
 0.071624961868812717
 0.071651541286890136
 0.071699528646498992
 0.071699458966078447
 0.071699383277309653
 0.071699301276692981
 0.07168853024650286
 0.071673251160531651
 0.071656765222813057
 0.071634665100175007
 0.071610942511029702
 0.071585506822719039
 0.071558261472996085
 0.071529103900185589
 0.071497925702099618
 0.071464613231767074
 0.071429049012120591
 0.071391111562161061
 0.59428741378629757
 0.59428741378629757
 0.59428734230436531
 0.59428718299084815
 0.59428703584142883
 0.5942868997677192
 0.59428677378978212
 0.5942866570268529
 0.59428654868731667
 0.5942864480590373
 0.59428635450047484
 0.59428626743272472
 0.59428618633247221
 0.59428611072579129
 0.59428604018270437
 0.59428597431240948
 0.59428591275909326
 0.59428585519825061
 0.59428580133344922
 0.59428575089347213
 0.59428570362979916
 0.59428565931437527
 0.59428561773763089
 0.59428557870672427
 0.59428554204397754
 0.59428550758547938
 0.5942854751798371
 0.59428544468706157
 0.59428541597756446
 0.59428538893125771
 0.59428536343674343
 0.5942853393905847
 0.59428531669664586
 0.5942852952654949
 0.59428527501386363
 0.5942852558641587
 0.59428523774401487
 0.59428522058588951
 0.59428520432669452
 0.59428518890745807
 0.59428517427301775
 0.5942851603717374
 0.59428514715525071
 0.5942851345782233
 0.59428512259813515
 0.5942851111750822
 0.59428510027159009
 0.59428508985244632
 0.59428507988454327
 0.59428507033673306
 0.59428506117969448
 0.59428505238580998
 0.59428504392905035
 0.5942850357848678
 0.59428502793009852
 0.59428502034287178
 0.59428501300252279
 0.59428500588951438
 0.59428499898536502
 0.59428499227257559
 0.59428498573457234
 0.59428497935563906
 0.59428497312086659
 0.59428496701609879
 0.59428496102788475
 0.59428495514343005
 0.59428494935055809
 0.59428494363766737
 0.59428493799369364
 0.59428493240807589
 0.59428492687072254
 0.59428280429135438
 0.5942806572225604
 0.5942784835909013
 0.59427628136313448
 0.59427404854198018
 0.59428501147950097
 0.5942694523798806
 0.59426711559753065
 0.59426474048983113
 0.59426232518308109
 0.59425986781812101
 0.59425736654731243
 0.59425481953165837
 0.59425222493802388
 0.59424958093648161
 0.59424688569774797
 0.59424413739072335
 0.59424133418010494
 0.59423847422409593
 0.59423555567217778
 0.59423257666295148
 0.59422953532204636
 0.59422642976008466
 0.59422325807069221
 0.5942200183285653
 0.59421670858757392
 0.59421332687891371
 0.59420987120928093
 0.59420622194740247
 0.59420249204259623
 0.59419867934910608
 0.5941947816885782
 0.59419079684831166
 0.59418672257952432
 0.59418255659563235
 0.59417829657053833
 0.59417394013692781
 0.59416948488456933
 0.59416492835861812
 0.59416026805791855
 0.59415550143330431
 0.59415062588589507
 0.59414563876538395
 0.5941405373683194
 0.59413531893637361
 0.5941299806545991
 0.59412451964967117
 0.59411893298811191
 0.59411321767449832
 0.59410729119325112
 0.59410115303438593
 0.59409487323210897
 0.59408844844127806
 0.59408187524355272
 0.59407515014542234
 0.5940682695761812
 0.59406122988590671
 0.59405402734334001
 0.59404665813376956
 0.59403911835689482
 0.59403140402459664
 0.59402351105874751
 0.59401543528882683
 0.59400717244973955
 0.59399871817928074
 0.5939900680158241
 0.59398121739581788
 0.59397216165123745
 0.59396289600702612
 0.59395341557845927
 0.5939437153684346
 0.59393379026475379
 0.59392363503726064
 0.5939132443350259
 0.59390261268336919
 0.59389173448084331
 0.59388060399619125
 0.59386921536518633
 0.59385756258738143
 0.59384563952286806
 0.59383343988886927
 0.59382095725629724
 0.59380715120771022
 0.59379162887289327
 0.59377574637082842
 0.59375949532474415
 0.59374286716189828
 0.59372585310891135
 0.59370844418687885
 0.59369063120628418
 0.59367240476208127
 0.59365375522839459
 0.59363467275308479
 0.59361514725238274
 0.59359516840519189
 0.59357472564725589
 0.5935538081654238
 0.59353240489132653
 0.59351050449539888
 0.59348809538027669
 0.59346516567442142
 0.59344170322532441
 0.59341769559253199
 0.59339313004067029
 0.59336799353218161
 0.59334227271983331
 0.59331595393901615
 0.5932890231999558
 0.59326146617965347
 0.59323326821352662
 0.59320441428693715
 0.59317488902649229
 0.59314467669101945
 0.59311376116225623
 0.59308212593551457
 0.59304975410992677
 0.59301662837833224
 0.59298273101696453
 0.59294804387503486
 0.59291254836372065
 0.59287622544491969
 0.5928381143856809
 0.59280397077060687
 0.59276647078402889
 0.5927280956050609
 0.59268882454463923
 0.59264863640865217
 0.59260750948472551
 0.59256542152858771
 0.59252234975005535
 0.59247827079854054
 0.59243316074821539
 0.59238699508260373
 0.59233974867879413
 0.59229139579107826
 0.59224191003417115
 0.59219126436581726
 0.59213943106889633
 0.59208638173294081
 0.59203208723504919
 0.5919765177202132
 0.59191964258096441
 0.59186143043637252
 0.59181110779711232
 0.59175924379206324
 0.59170412148915863
 0.59169212185952946
 0.59169594193912545
 0.59169857966908623
 0.59170042581741333
 0.59170173741099064
 0.59170268497287692
 0.59170338259258559
 0.59170390723151578
 0.5917043112211019
 0.59170463042063248
 0.5917048413378827
 0.59170504226919296
 0.59170524672572955
 0.5917054547277566
 0.5917056016721961
 0.59170573657380643
 0.59170586246907697
 0.5917059815216178
 0.59170609526853113
 0.59170620479321878
 0.59170631084715386
 0.59170641393630963
 0.59170651438285748
 0.59170661236899769
 0.59170670796898972
 0.59170680117150887
 0.59170689189620296
 0.59170698000540922
 0.59170706531245754
 0.59170714758751031
 0.59170722656152064
 0.59170730192896703
 0.59170737334944279
 0.59170744044810908
 0.59170750281627227
 0.59170756001058433
 0.59170761155254503
 0.59170765692730565
 0.59170769558208058
 0.59170772692475104
 0.59170775032177192
 0.59170776509602763
 0.59170774248555857
 0.59170748376593796
 0.59170720515711328
 0.59170690539741555
 0.59170658314861135
 0.59170623699154345
 0.59170586542181425
 0.59170546684435166
 0.59170503956829179
 0.59170458180163743
 0.59170409164504012
 0.5917035670858336
 0.59170300599111547
 0.59170240610076752
 0.59170176502031957
 0.59170108021250922
 0.59170034898949775
