# Created by Octave 5.2.0, Thu Sep 03 23:55:34 2020 CEST <tkanas@tkanas>
# name: p
# type: matrix
# rows: 201
# columns: 1
 0.085235754254353868
 0.084497528797669308
 0.090956638437770382
 0.094594998590227672
 0.10156093258781443
 0.1019761429708395
 0.10555062535734556
 0.10905817361308183
 0.11247900778566991
 0.11579620663696699
 0.11899574596129116
 0.12206629459845855
 0.12499889604925177
 0.12778661804405256
 0.13042421593371545
 0.13290783044430612
 0.13523472480861121
 0.13740305783594098
 0.13474052164780512
 0.14120094782421094
 0.14289400112718309
 0.14442640496697215
 0.14579814852958295
 0.1470091217357849
 0.14805895803205915
 0.14894687182313479
 0.14967148929754501
 0.15023067154218517
 0.15062132884474527
 0.15083922492109003
 0.15087876949151982
 0.15073279726270783
 0.15039233090884221
 0.14984632518080823
 0.14908138882292335
 0.14808148068338933
 0.14682757675174551
 0.14529730746705127
 0.1434645753170623
 0.14129920187781403
 0.13876679301098493
 0.13582773920982735
 0.53261006402344679
 0.5296929146966558
 0.53693856289150077
 0.62093366189476029
 0.60673752517235435
 0.59723069380050242
 0.59196120183095113
 0.59122791095524918
 0.59272569553054022
 0.58982123696380151
 0.59351091226490282
 0.59094758593874719
 0.59210334960944322
 0.59200533488876284
 0.5915673773772222
 0.59185708839820028
 0.59205733347031075
 0.59159350241499964
 0.59211448711389758
 0.59189007153886319
 0.59148614313025893
 0.59131026305619183
 0.59078762133736007
 0.59030299811076714
 0.58989927153304134
 0.58956248302125425
 0.58928112707684155
 0.58904592695562052
 0.58884939344152176
 0.58868548615750915
 0.58854935280581078
 0.58843712884196098
 0.58834588133528531
 0.59026412257106387
 0.58817084057356661
 0.58808571541857324
 0.58801307302693351
 0.58795120991880812
 0.58789884034289808
 0.58785494312082587
 0.5878187167249963
 0.58778954314540577
 0.58776695841442606
 0.58775062852102633
 0.58774032986903169
 0.58773593374904487
 0.58773739428343397
 0.58774473953821271
 0.58775806551642595
 0.58777753274525435
 0.58780336528578347
 0.58783585187570742
 0.58787534893312388
 0.58792228505687993
 0.5879771664662472
 0.58804058270721005
 0.5881132116633857
 0.58819582263621595
 0.58828927594512592
 0.58839451715314317
 0.58851256373635774
 0.58864448183287654
 0.58879135069378397
 0.58895421289765015
 0.58913400927721815
 0.58933149921830097
 0.58954716965646847
 0.58978113966025036
 0.59003307170805197
 0.59030210456142584
 0.59058682421576547
 0.5908852861879027
 0.59119509196340603
 0.59151350400142444
 0.59183756051500735
 0.59216413183029881
 0.59248985689606004
 0.59281092258516666
 0.59312270174005466
 0.59341933645955958
 0.59369341583501178
 0.59393592404794715
 0.59413660531053469
 0.5942848026069173
 0.59437069067661241
 0.59438667061397565
 0.59432857583596965
 0.59419632703631575
 0.59399381833922049
 0.59372808699464408
 0.59340808192107986
 0.59304345016034277
 0.59264372813294774
 0.59221919000474843
 0.59178286982953998
 0.59137083099846077
 0.59154121373111412
 0.59237962148944767
 0.59260811219967813
 0.5920886882367995
 0.59153214642415908
 0.59103170118162207
 0.59109424517585707
 0.5919206067283771
 0.59188483236411127
 0.59230366362055908
 0.59179214782182588
 0.59126736552030656
 0.59268780952052746
 0.59247899384171199
 0.5919193636675365
 0.59139973436874316
 0.59234854833969075
 0.59103947293190584
 0.59133333675587696
 0.59128055892758502
 0.59193132896139444
 0.59199952976305459
 0.59176898870826111
 0.59179385239113536
 0.59200478020053304
 0.59160490281665046
 0.59176719947462053
 0.59197348417637563
 0.59178855104777828
 0.59167342773930609
 0.59180418846591509
 0.59173243156149158
 0.59186515849612353
 0.59185023856992602
 0.59166652546214105
 0.59183044882738522
 0.59174506483141376
 0.59187853779858601
 0.59172287228168374
 0.59179137122442715
 0.59177890844128744
 0.59172263348765697
 0.5916598159356915
 0.59357901719019401
 0.59276802501088088
 0.59035939938168247
 0.58987411856211769
 0.59348929850104848
 0.59101772993972246
 0.5935933081806527
 0.59004608365898181
 0.59233663916364332
 0.59183340598562961
 0.59173257069881702
 0.59183671871856181
 0.59179726899721741
 0.59157709239709644
 0.5917942425625099
 0.59174633486544614
 0.59204655558047159
 0.59323323876819711
 0.57829140602049345
 0.40000000000000002


