# Created by Octave 5.2.0, Sat Sep 05 06:02:03 2020 CEST <tkanas@tkanas>
# name: p
# type: matrix
# rows: 201
# columns: 1
 1.0471599173609056
 1.8165415757479551
 1.6423077903278336
 1.565352893820509
 1.526697228731162
 1.521994749055837
 1.551896595211173
 1.6186122705680281
 1.7185532037719593
 1.841756902618807
 1.9743084357722804
 2.1024892732164222
 2.2165368944525077
 2.3124571459562273
 2.3914790907756611
 2.4578646811518752
 2.5163341068903975
 2.5702971595352304
 2.621353745679817
 2.669724543213519
 2.7149509789119883
 2.7564101964747265
 2.7935722737628113
 2.8261019417919413
 2.8539062694758042
 2.8771505271538826
 2.8989686830605366
 2.9207711680472603
 2.9346729825838169
 2.9459682286248148
 2.9552369329858403
 2.9628081522228191
 2.9689559142789248
 2.9739301626466013
 2.9779728753774317
 2.9813071698352251
 2.9841216138017317
 2.9865458978223436
 2.9886478198370621
 2.990436834017014
 2.9918924994429132
 2.9929919885927911
 2.993737709251278
 2.9941642466031619
 2.9943460655617229
 2.9944130722056932
 2.9945729427589312
 2.9950921329918181
 2.9964619920764428
 2.998704980648994
 2.9925604204832434
 2.9883174495616833
 2.9977490130542668
 2.9999981235100099
 2.9981577209793002
 2.9985410376954347
 2.9989459826599929
 2.9992949523871126
 2.9994412747382153
 2.999411229432555
 2.9992624932917447
 2.999053390301134
 2.9988330053323105
 2.9986369650156273
 2.9985312011325003
 2.9986847670497521
 2.9998879695698295
 2.9981563556815032
 2.9999997698013039
 2.9988687298637582
 2.9995956698206947
 2.9999860821096904
 3
 2.9999847796499512
 2.9999955826298348
 2.9999676488736267
 2.9997243156861839
 3
 2.9991382405448568
 2.999993534823338
 2.9994759498042614
 2.99931813470493
 2.9990110046515563
 2.9986031893184451
 2.9980852899790924
 2.9974558825571873
 2.9967335411914959
 2.9959495211393441
 2.9951407239367955
 2.9943432569771096
 2.9935885581912731
 2.9929041762355326
 2.9923145735780388
 2.9918472229641941
 2.9915419087664805
 2.9914594242001979
 2.991695971961096
 2.9924411026026552
 2.9939284980936689
 2.99924000375472
 2.998238570921393
 2.9354804234946004
 2.957440161146768
 2.9996614386606293
 2.9970641397062643
 2.9915656389725518
 2.9885492020557569
 2.9863560972398226
 2.9846631574325375
 2.983202138226154
 2.9818537580967166
 2.9805796849420614
 2.9793747893307305
 2.9782497380275088
 2.9772253744988086
 2.9763265455447403
 2.9755763390881187
 2.9749914615091164
 2.9745802049411969
 2.9743418411529765
 2.9742689892395457
 2.9743489673893069
 2.9745659189899216
 2.9749035868987246
 2.9753449169110224
 2.9758747896742825
 2.9764785557319553
 2.9771436837678995
 2.9778593135449163
 2.9786167926266676
 2.9794099441573025
 2.9802344970202759
 2.9810880746453257
 2.9819690517601565
 2.9828751642270745
 2.9838030271376721
 2.9847456644228001
 2.985692976165943
 2.9866310521281552
 2.9875427945177702
 2.9884082796979463
 2.9892076365468121
 2.989921396241273
 2.9905330398203964
 2.9910297736836897
 2.9914039473783518
 2.9916525044394753
 2.9917776138162435
 2.9917848588347868
 2.9916817756158527
 2.9914761902609048
 2.9911742443941325
 2.9907779942972268
 2.9902833645923721
 2.9896787148185244
 2.9889436596311811
 2.9880483714955788
 2.9869533434671465
 2.9856102703956964
 2.9839625002606267
 2.9819465467132482
 2.9794937981120855
 2.9765309728398899
 2.9729823976506755
 2.9687697199542056
 2.963812478289312
 2.9580277136413544
 2.9513285393791464
 2.9436227554570493
 2.9348105738034271
 2.9247816460883764
 2.913412727011544
 2.9005638810610472
 2.8860753716265628
 2.8697643893188971
 2.8514218940154188
 2.8308097635307559
 2.8076577399537319
 2.7816611540519665
 2.752478773080326
 2.7197297912814458
 2.6829918805268531
 2.6417976786891559
 2.5956308402315313
 2.5439206385756408
 2.4860352544855293
 2.4212727443372333
 2.3488493795487972
 2.2678857319216843
 2.1773878852703601
 2.0762238964366011
 1.9630923664828939
 1.8364812115838158
 1.6946111379689233
 1.5353565409683294
 1.356135657935946
 1.1537437703118087
 0.92412294608698753
 0.66168851611407886
 0.35788849737801692
 0.064437307235259547


