# Created by Octave 5.2.0, Sat Sep 05 00:59:47 2020 CEST <tkanas@tkanas>
# name: p
# type: matrix
# rows: 401
# columns: 1
 0.070587544080968054
 0.070933154619287828
 0.070971612003321721
 0.071010194813235311
 0.071048888587979503
 0.071087665053568339
 0.071126484965607806
 0.071165300856481373
 0.071204059545644474
 0.071242704350513789
 0.071281176970930643
 0.071319419044962709
 0.071357373390709189
 0.071394984959814722
 0.071432201534980894
 0.071468974206938068
 0.071505257666908462
 0.071541010349233797
 0.071576194456151904
 0.071610775893160783
 0.071644724139459312
 0.071678012073903952
 0.071710615773038541
 0.07174251429419734
 0.071773689453546646
 0.071804125606266395
 0.071833809433868218
 0.071862729741883735
 0.071890877269774653
 0.071918244513873061
 0.071944825563398929
 0.071970615949059763
 0.071995612503376591
 0.072019813231666202
 0.072043217192489947
 0.072065824386344526
 0.072087635651389342
 0.072102037014257117
 0.072115895255924656
 0.072129212274912036
 0.072141990291522989
 0.072154231789960471
 0.072165939461536474
 0.072175467329358534
 0.072175467329358534
 0.072175467329358534
 0.072175467329358534
 0.072175467329358534
 0.072175467329358534
 0.072175467329358534
 0.072175467329358534
 0.072175467329358534
 0.072175467329358534
 0.072175467329358534
 0.072175467329358534
 0.072175467329358534
 0.072175467329358534
 0.072175467329358534
 0.072175467329358534
 0.072175467329358534
 0.072175467329358534
 0.072175467329358534
 0.072175467329358534
 0.072175467329358534
 0.072175467329358534
 0.072175467329358534
 0.072175467329358534
 0.072175467329358534
 0.072175467329358534
 0.072175467329358534
 0.072175467329358534
 0.072175467329358534
 0.072175467329358534
 0.072175467329358534
 0.072175467329358534
 0.072175467329358534
 0.072175467329358534
 0.072175467329358534
 0.072175467329358534
 0.072175467329358534
 0.072175467329358534
 0.072175467329358534
 0.072175467329358534
 0.072175467329358534
 0.072160843985120182
 0.072145080536384507
 0.072128116045311996
 0.072109885263584167
 0.072090318416702742
 0.072061761541156052
 0.072029010892461567
 0.071993964064031177
 0.071956491012033469
 0.0719164553558551
 0.071873716031524856
 0.071825694665524353
 0.5946708507733407
 0.5946708507733407
 0.5946708507733407
 0.5946708507733407
 0.5946708507733407
 0.5946708507733407
 0.5946708507733407
 0.5946708507733407
 0.5946708507733407
 0.5946708507733407
 0.5946708507733407
 0.5946708507733407
 0.5946708507733407
 0.5946708507733407
 0.5946708507733407
 0.5946708507733407
 0.5946708507733407
 0.5946708507733407
 0.5946708507733407
 0.5946708507733407
 0.5946708507733407
 0.5946708507733407
 0.5946708507733407
 0.5946708507733407
 0.5946708507733407
 0.5946708507733407
 0.5946708507733407
 0.5946708507733407
 0.5946708507733407
 0.5946708507733407
 0.5946708507733407
 0.5946708507733407
 0.5946708507733407
 0.5946708507733407
 0.5946708507733407
 0.5946708507733407
 0.5946708507733407
 0.5946708507733407
 0.5946708507733407
 0.5946708507733407
 0.5946708507733407
 0.5946708507733407
 0.5946708507733407
 0.5946708507733407
 0.5946708507733407
 0.5946708507733407
 0.5946708507733407
 0.5946708507733407
 0.5946708507733407
 0.5946708507733407
 0.5946708507733407
 0.5946708507733407
 0.5946708507733407
 0.5946708507733407
 0.5946708507733407
 0.5946708507733407
 0.5946708507733407
 0.5946708507733407
 0.5946708507733407
 0.5946708507733407
 0.5946708507733407
 0.5946708507733407
 0.5946708507733407
 0.59466942639278519
 0.59466697934637902
 0.59466451494310379
 0.59466203041668786
 0.59465952307568404
 0.5946569902969322
 0.59465442951938507
 0.59465183823827583
 0.5946492139995978
 0.59464655439487746
 0.59464385705621703
 0.59464111965158795
 0.59463833988035886
 0.59463551546903837
 0.59463264416721917
 0.59462972374370882
 0.59462675198283277
 0.59462372668089802
 0.59462064564280515
 0.59461750667879854
 0.59461430760134393
 0.59461104622212335
 0.59460772034914056
 0.59460432778392514
 0.5946008663188318
 0.59459733373442325
 0.59459372779693276
 0.59459004625579814
 0.59458628684126225
 0.59458244726203291
 0.59457852520299803
 0.59457451832299035
 0.59457042425259576
 0.5945662405920028
 0.59456196490888735
 0.59455759473632808
 0.59455312757074996
 0.59454856086989194
 0.59454389205079294
 0.59453911848779672
 0.59453423751056766
 0.59452924640211924
 0.59452414239684725
 0.59451892267856921
 0.59451358437856416
 0.59450812457361113
 0.59450254028402505
 0.59449682847168461
 0.59449098603805284
 0.59448500982218566
 0.59447889659872777
 0.5944726430758922
 0.59446624589342234
 0.59445970162053474
 0.59445300675383872
 0.59444615771523313
 0.59443915084977583
 0.59443198242352657
 0.59442464862135913
 0.59441714554474112
 0.59440946920948146
 0.59440161554344051
 0.59439358038420442
 0.59438535947671822
 0.59437694847087974
 0.5943683429190878
 0.59435953827374854
 0.59435052988473225
 0.59434131299678317
 0.59433188274687765
 0.59432223416153063
 0.59431236215404748
 0.59430226152171917
 0.59429192694296018
 0.59428135297438478
 0.59427053404782304
 0.59425946446727063
 0.59424813840577384
 0.59423654990224584
 0.59422469285821244
 0.59421256103448505
 0.59420014804775978
 0.59418744736713847
 0.59417445231057087
 0.5941574968801332
 0.59413856686727562
 0.59411919797904367
 0.59409938002076712
 0.59407910256075092
 0.59405835492460313
 0.59403712618938509
 0.59401540517765994
 0.59399318045136162
 0.5939704403055327
 0.59394717276192055
 0.59392336556241343
 0.59389900616228497
 0.59387408172335243
 0.59384857910684341
 0.59382248486623013
 0.59379578523976595
 0.59376846614291334
 0.59374051316054677
 0.59371191153896785
 0.59368264617771249
 0.59365270162119776
 0.59362206205008128
 0.59359071127244234
 0.5935586327147665
 0.59352580941264965
 0.59349222400130441
 0.59345785870574319
 0.59342269533085323
 0.59338671525102915
 0.5933498993997437
 0.59331222825863272
 0.59327368184643958
 0.59323423970763556
 0.59319388090068237
 0.59315258398609938
 0.59311032701404165
 0.59306708751173065
 0.59302284247039616
 0.59297756833196458
 0.59293124097531724
 0.59288383570222969
 0.59283532722286791
 0.59278568964092493
 0.59273489643834421
 0.59268292045958682
 0.59262973389550444
 0.5925753082666777
 0.59251961440641676
 0.59246262244308923
 0.5924043017821754
 0.592344621087594
 0.59228354826253882
 0.59222105042991813
 0.59215709391205318
 0.59209164420968174
 0.59202466598066061
 0.59195612301776035
 0.59188597822591138
 0.59181419359869358
 0.59174073018905959
 0.59170885884073554
 0.59170920198338439
 0.5917095519882356
 0.59170990897244324
 0.59171027304850499
 0.59171064432770071
 0.59171102292008093
 0.59171140893414564
 0.5917118024767164
 0.59171220365250099
 0.59171261256417484
 0.59171302931168168
 0.59171345399217701
 0.59171388669974756
 0.59171432752483488
 0.5917147765540024
 0.5917152338694468
 0.59171569954875436
 0.59171617366402007
 0.59171665628176739
 0.59171714746214155
 0.59171764725846288
 0.59171815571657571
 0.59171867287407764
 0.59171919875978507
 0.59171973339287864
 0.59172027678210526
 0.59172082892491573
 0.59172138980664502
 0.59172195939939254
 0.591722537661037
 0.59172312453430365
 0.59172371994516437
 0.59172432380216111
 0.59172493599462272
 0.59172555639136148
 0.59172618483927331
 0.59172682116171382
 0.59172746515673114
 0.59172811659517066
 0.59172877521899669
 0.59172944073907929
 0.591730112833043
 0.59173079114309601
 0.59173147527334602
 0.59173216478748036
 0.59173285920560259
 0.59173355800191718
 0.59173426060105005
 0.59173496637501377
 0.59173567463974075
 0.59173638465127976
 0.59173709560179588
 0.59173780661572006
 0.59173851674469968
 0.59173922496359999
 0.59173993016529136
 0.59174063115494879
 0.59174132664494705
 0.5917420152488081
 0.59174269547463509
 0.59174336571888764
 0.5917440242587324
 0.5917446692449958
 0.59174529869363501
 0.59174591047735314
 0.59174650231581982
 0.59174707176561625
 0.59174761620807736
 0.59174813283527672
