# Created by Octave 5.2.0, Fri Sep 04 00:28:39 2020 CEST <tkanas@tkanas>
# name: p
# type: matrix
# rows: 201
# columns: 1
 0
 0
 0
 0
 0
 0
 0
 0
 0
 0
 0
 0
 0
 0
 0.72437975323627857
 0.72437975323627857
 0.72437975323627857
 0.72437975323627857
 0.72437975323627857
 0.72437975323627857
 0.71265640673128838
 0.71265640673128827
 0.71265640673128827
 0.71367731921331312
 0.71356794338413165
 0.5852671412575331
 0.57930916034846525
 0.57902174330362466
 0.57838566443887285
 0.57791515483426437
 0.57782206892746524
 0
 0
 0
 0
 0
 0.78518796391380952
 0.78518796391380952
 0.78518796391380952
 0.78518796391380952
 0.78518796391380952
 0.78518796391380952
 0.78518796391380952
 0.20736589498634414
 0.20736589498634414
 0.20736589498634414
 0.20736589498634414
 0.20736589498634414
 0.20736589498634414
 0.20736589498634414
 0.20736589498634414
 0.20736589498634414
 0.20736589498634414
 0.20736589498634414
 0.20736589498634414
 0.33982456802990757
 0.35392357929515739
 0.35392357929515739
 0.35392357929515739
 0.35269588609509406
 0.35269588609509406
 0.35269588609509406
 0.35269588609509406
 0.35269588609509406
 0.35269588609509406
 0.35269588609509406
 0.35269588609509406
 0.35269588609509406
 0.35269588609509406
 0.3516743989239503
 0.3516743989239503
 0.3516743989239503
 0.35269588609509406
 0.34462240174289149
 0.34564331422491634
 0.35067932712977523
 0.93174564822262262
 0.93174564822262262
 0.93174564822262262
 0.93174564822262262
 0.80086102927919334
 0.80086102927919334
 0.80086102927919334
 0.13487892002025273
 0.14558135404321801
 0.14558135404321801
 0.14446678096527507
 0.59238056121490634
 0.59238056121490634
 0.59238056121490634
 0.72157800593608123
 0.72157800593608123
 0.72157800593608123
 0.72157800593608123
 0.72157800593608123
 0.72157800593608123
 0.72157800593608123
 0.72099725825854877
 0.72053777723635759
 0.72053777723635759
 0.72053777723635759
 0.60020134526295621
 0.59897365206289277
 0.59999456454491784
 0.59999456454491784
 0.59867383067177915
 0.59772664264513087
 0.59269062974027198
 0.59269062974027209
 0.59166971725824713
 0.59166971725824713
 0.59166971725824713
 0.59166971725824713
 0.59166971725824713
 0.59166971725824713
 0.59166971725824713
 0.59166971725824713
 0.59166971725824713
 0.59269120442939094
 0.59269120442939094
 0.014639277064976535
 0.014352286258521491
 0.013330799087377719
 0.79949509326678248
 0.79949509326678248
 0.79949509326678248
 0.79949509326678248
 0.79949509326678248
 0.79851876300118718
 0.79963333607913012
 0.35294724902956215
 0.35294724902956215
 0.35294724902956215
 0.35294724902956215
 0.35294724902956215
 0.35192633654753719
 0.35192633654753719
 0.35192633654753719
 0.35192633654753719
 0.35192633654753719
 0.35192633654753719
 0.35171955582949882
 0.35171955582949882
 0.35171955582949882
 0.35171955582949882
 0.35171955582949882
 0.35171955582949882
 0.35171955582949882
 0.35171955582949882
 0.34668354292464004
 0.34668354292464004
 0.34668354292464004
 0.34668354292464004
 0.34668354292464004
 0.34668354292464004
 0.34668354292464004
 0.34668354292464004
 0.34668354292464004
 0.35171955582949882
 0.35171955582949882
 0.35171955582949882
 0.35171955582949882
 0.35171955582949882
 0.35171955582949882
 0.35171955582949882
 0.35171955582949882
 0.35192633654753719
 0.35192633654753719
 0.35192633654753719
 0.35192633654753719
 0.80714405160181413
 0.80714405160181413
 0.80714405160181413
 0.80714405160181413
 0.8081649640838392
 0.8081649640838392
 0.13487892002025273
 0.13487892002025273
 0.14558135404321801
 0.14331343214343106
 0.14331343214343106
 0.14331343214343106
 0.14331343214343106
 0.14331343214343106
 0.13261099812046578
 0.12757498521560698
 0.12757498521560698
 0.13261099812046578
 0.13261099812046578
 0.13261099812046578
 0.13261099812046578
 0.13487892002025273
 0.13487892002025273
 0.00280174730019747
 0
 0
 0
 0
 0
 0
 0


