# Created by Octave 5.2.0, Sat Sep 05 06:02:50 2020 CEST <tkanas@tkanas>
# name: p
# type: matrix
# rows: 401
# columns: 1
 0.58892349912198172
 1.2018871096077226
 1.238646727788792
 1.2765528464624907
 1.3155863709475668
 1.355702413245127
 1.396833064345812
 1.438890612115431
 1.4817709290277281
 1.5253568359099658
 1.5695213166215936
 1.6141305113445987
 1.6590464534110383
 1.7041295385666198
 1.749240729156984
 1.7942435018620118
 1.8390055489921089
 1.8834002423007115
 1.9273078665527235
 1.9706166289338261
 2.0132234504180353
 2.0550345465470246
 2.0959658074554426
 2.1359429899333633
 2.1749017373309694
 2.2127874457304939
 2.2495549967198145
 2.2851683781437235
 2.3196002143626466
 2.3528312269041689
 2.3848496450984298
 2.4156505845243257
 2.4452354090329398
 2.4736110899145203
 2.5007895735609011
 2.5267871668427757
 2.5516239474363105
 2.5753232045364163
 2.5979109138070404
 2.6194152490474027
 2.6398661318924606
 2.6592948199041033
 2.6777335326306133
 2.6952151145964032
 2.7117727337119804
 2.7274396132471446
 2.7422487952678916
 2.756232933283385
 2.7694241117667024
 2.7818536901869981
 2.7935521692063441
 2.8045490767359071
 2.8163726880661719
 2.832489417506288
 2.8428643747792695
 2.8520458947740814
 2.8607116386148324
 2.8688880635268541
 2.8766005777028694
 2.8838735421827351
 2.8907302790961906
 2.8971930852694694
 2.903283250304133
 2.9090210783343777
 2.9144259127611889
 2.9195161633449893
 2.9243093351154852
 2.9288220586257108
 2.9330701211416694
 2.937068498413351
 2.9408313867254119
 2.9443722349692059
 2.9477037765192611
 2.9508380607316633
 2.9537864839139405
 2.9565598196431626
 2.9591682483330697
 2.9616213859719074
 2.963928311971229
 2.9660975960814326
 2.9681373243431439
 2.9700551240556865
 2.9718581877531585
 2.9735532961874225
 2.9751468403240189
 2.9766448423630099
 2.9780529758012628
 2.9793765845571194
 2.9806207011807255
 2.9817900641764044
 2.9828891344649309
 2.9839221110149867
 2.9848929456740532
 2.9858053572294647
 2.9866628447306161
 2.9874687001033315
 2.9882260200871311
 2.9889377175257406
 2.9896065320406011
 2.9902350401165956
 2.9908256646281663
 2.9913806838335173
 2.9919022398633701
 2.9923923467301008
 2.9928528978818951
 2.993285673325671
 2.9936923463417355
 2.9940744898116938
 2.9944335821808927
 2.9947710130748257
 2.9950880885888882
 2.9953860362693803
 2.9956660098029664
 2.9959290934309206
 2.9961763061038114
 2.9964086053911432
 2.996626891160119
 2.9968320090365865
 2.9970247536607935
 2.9972058717497716
 2.9973760649775318
 2.9975359926837117
 2.9976862744206243
 2.9978274923482204
 2.9979601934857971
 2.9980848918290639
 2.9982020703401888
 2.9983121828186849
 2.9984156556599815
 2.9985128895081692
 2.9986042608095729
 2.9986901232732688
 2.9987708092429157
 2.9988466309866002
 2.9989178819086844
 2.998984837688782
 2.9990477573518666
 2.9991068842740449
 2.9991624471274134
 2.9992146607680565
 2.99926372707028
 2.9993098357105277
 2.9993531649038565
 2.9993938820960127
 2.9994321446135155
 2.999468100274524
 2.9995018879627318
 2.9995336381664446
 2.9995634734852095
 2.9995915091055991
 2.9996178532482531
 2.9996426075878202
 2.9996658676474968
 2.9996877231695649
 2.999708258463551
 2.9997275527331926
 2.9997456803835902
 2.9997627113097183
 2.9997787111673562
 2.9997937416276588
 2.999807860616059
 2.9998211225368245
 2.9998335784837873
 2.9998452764382786
 2.9998562614549531
 2.9998665758362746
 2.9998762592962915
 2.9998853491143991
 2.9998938802795712
 2.9999018856258437
 2.999909395959282
 2.9999164401772394
 2.9999230453799957
 2.9999292369757544
 2.999935038778724
 2.9999404731012764
 2.9999455608401955
 2.9999503215574213
 2.9999547735556278
 2.9999589339490291
 2.9999628187294256
 2.9999664428280308
 2.9999698201731162
 2.9999729637438315
 2.9999758856203407
 2.9999785970304487
 2.9999811083929853
 2.9999834293580441
 2.9999855688442238
 2.9999875350730956
 2.9999893356009593
 2.9999909773479887
 2.9999924666250437
 2.9999938091579654
 2.9999950101097665
 2.9999960741005856
 2.999997005225556
 2.9999978070706201
 2.9999984827264834
 2.9999990348005809
 2.9999994654271807
 2.9999997762757573
 2.9999999685574128
 3
 3
 2.9999998393259233
 2.9999995604158354
 2.999999162226235
 2.9999986432579617
 2.9999980015506011
 2.999997234675047
 2.9999963397243947
 2.9999953133028479
 2.9999941515129214
 2.9999928499405506
 2.999991403638393
 2.9999898071069921
 2.9999880542738433
 2.9999861384702653
 2.9999840524060635
 2.999981788141703
 2.9999793370580621
 2.9999766898236664
 2.9999738363590143
 2.999970765798218
 2.99996746644756
 2.999963925740889
 2.9999601301917358
 2.9999560653418134
 2.9999517157058899
 2.9999470647127429
 2.9999420946418853
 2.9999367865559758
 2.9999311202285472
 2.9999250740668093
 2.9999186250292307
 2.9999117485376101
 2.999904418383204
 2.9998966066267467
 2.9998882834917144
 2.9998794172506242
 2.999869974103949
 2.9998599180509955
 2.9998492107523966
 2.9998378113837347
 2.9998256764795217
 2.9998127597672584
 2.9997990119905724
 2.9997843807210787
 2.9997688101580433
 2.9997522409151505
 2.9997346097935385
 2.9997158495403307
 2.9996958885914857
 2.9996746507983523
 2.9996520551364814
 2.9996280153957802
 2.9996024398514733
 2.999575230912273
 2.9995462847481345
 2.9995154908928314
 2.9994827318214141
 2.9994478825006925
 2.99941080991093
 2.9993713725369422
 2.9993294198265765
 2.9992847916146643
 2.9992373175100688
 2.9991868162434927
 2.9991330949737112
 2.9990759485492968
 2.9990151587232248
 2.9989504933172149
 2.9988817053326642
 2.9988085320047428
 2.9987306937959324
 2.9986478933252965
 2.9985598142292176
 2.9984661199492804
 2.9983664524426881
 2.9982604308101291
 2.9981476498359307
 2.9980276784348279
 2.9979000579993471
 2.9977643006415207
 2.9976198873220716
 2.9974662658599205
 2.9973028488143316
 2.9971290112315403
 2.9969440882471732
 2.9967473725352294
 2.9965381115938134
 2.9963155048570576
 2.9960787006222578
 2.9958267927802078
 2.9955588173362591
 2.9952737487085712
 2.9949704957893033
 2.994647897753639
 2.9943047196002714
 2.9939396474063229
 2.9935512832782591
 2.9931381399793149
 2.9926986352127058
 2.9922310855384628
 2.9917336999005086
 2.9912045727387513
 2.9906416766597785
 2.9900428546375797
 2.9894058117143949
 2.9887281061692073
 2.9880071401201027
 2.9872401495237937
 2.9864241935337343
 2.9855561431755619
 2.9846326692960359
 2.9836502297387026
 2.9826050556965722
 2.9814931371890148
 2.980310207606399
 2.9790517272625934
 2.9777128658915299
 2.9762884840197654
 2.9747731131429944
 2.9731609346291612
 2.9714457572665398
 2.9696209933693534
 2.9676796333481743
 2.9656142186461474
 2.963416812935884
 2.9610789714648598
 2.958591708430236
 2.9559454622558556
 2.9531300586364364
 2.950134671204927
 2.9469477796698693
 2.9435571252594839
 2.9399496632989734
 2.9361115127359789
 2.9320279024173566
 2.9276831139076851
 2.9230604206261694
 2.9181420230645103
 2.9129089798324967
 2.9073411342620341
 2.901417036282715
 2.8951138592634136
 2.8884073114947313
 2.8812715419659036
 2.8736790400673984
 2.8656005288264748
 2.8570048512575412
 2.8478588493819581
 2.838127235443153
 2.8277724548119001
 2.8167545400441214
 2.8050309555183954
 2.7925564320432978
 2.7792827907849569
 2.7651587558231383
 2.7501297545989911
 2.7341377054699096
 2.7171207915357205
 2.6990132198461532
 2.6797449650416008
 2.659241496417426
 2.6374234873363274
 2.6142065058433239
 2.5895006852630686
 2.5632103734799467
 2.5352337595164771
 2.5054624759353175
 2.4737811754940839
 2.4400670803795164
 2.4041895022385047
 2.3660093311068957
 2.3253784912132254
 2.282139361502181
 2.2361241585818878
 2.1871542796490999
 2.1350396027865477
 2.0795777418566841
 2.0205532530353967
 1.9577367898382101
 1.8908842032914948
 1.8197355836974041
 1.74401424024725
 1.6634256145899382
 1.5776561244517606
 1.4863719337641899
 1.3892176470743545
 1.2858149297682735
 1.1757610655532775
 1.0586274880950122
 0.93395838826734656
 0.8012696614851984
 0.66004887034366966
