# Created by Octave 5.2.0, Fri Sep 04 03:44:10 2020 CEST <tkanas@tkanas>
# name: p
# type: matrix
# rows: 401
# columns: 1
 0.39361716875141595
 0.40064507365251789
 0.40515438432553647
 0.40933251873645754
 0.41316763648977867
 0.41664855719913019
 0.41976568037234302
 0.42251172626096184
 0.42897409798802771
 0.42690375274846987
 0.42852208496811323
 0.42977212896067835
 0.43066291549236801
 0.43120651626186363
 0.43141772428525849
 0.43131366955877543
 0.43091340216809743
 0.43023746404405178
 0.42930746683128496
 0.42814568954052401
 0.42677470609039808
 0.425217049621125
 0.42349491772349013
 0.42162992042415309
 0.41964287093864655
 0.41755361779833766
 0.41538091591195109
 0.41314233340533296
 0.41085419062932149
 0.40853152749398558
 0.4061880952369441
 0.4038363688128378
 0.40148757626721837
 0.39915174172951207
 0.39683773894697261
 0.39455335261914348
 0.39230534512559029
 0.39009952657464897
 0.38794082641982852
 0.38583336519186906
 0.38378052516108119
 0.38178501899933409
 0.37984895572470873
 0.37797390339671416
 0.37616094820038393
 0.37441074968622223
 0.3727235920517053
 0.37109943143716673
 0.36953793928651274
 0.3680385418786935
 0.36660045617835857
 0.3652227221860691
 0.36390423199077399
 0.3626437557378564
 0.36143996473555423
 0.36029145191978901
 0.35919674989738959
 0.35815434677787578
 0.35716269999977601
 0.35622024833797766
 0.35532542227231434
 0.35447665288016666
 0.35367237939620205
 0.35291105556504559
 0.35219115488143898
 0.35151117477914351
 0.35086963977246649
 0.35026510347578976
 0.34969614928852727
 0.34916138932662377
 0.34865947205569581
 0.34691079012209169
 0.34774059999300927
 0.34731500872721172
 0.34691939370803343
 0.34655040393485614
 0.34620493797954577
 0.34588388797607017
 0.3455861786066543
 0.34531076948538297
 0.34505665569352462
 0.34482286730335188
 0.34460846889720198
 0.34441255891526629
 0.34426324014669307
 0.34419853839008868
 0.34405574896759555
 0.34392824346272116
 0.34381527759917474
 0.34371613546794871
 0.34363012859797881
 0.34355659504555663
 0.34349489850164727
 0.34344442741743453
 0.34340459415081553
 0.34337483413876668
 0.34335460508694837
 0.3433433861860205
 0.34334067735127594
 0.34334599848290343
 0.34335888875217602
 0.34337890590779824
 0.34340562560628873
 0.34343864076318553
 0.3434775609246084
 0.34352201166317903
 0.3435716339890163
 0.34362608378389586
 0.34368503125361616
 0.34374816039819417
 0.34392152653382391
 0.35996924981295825
 0.66291005203074682
 0.64658842883588097
 0.63296907442517858
 0.62154041199657295
 0.61190105618869062
 0.60377094720150104
 0.59669148086061008
 0.59077105487468273
 0.58570943392295749
 0.58144280769786361
 0.60067712120391448
 0.59688255086574071
 0.59363629613850644
 0.59115005912539664
 0.58968113590779847
 0.58764783374648588
 0.58582810532892027
 0.58428017349132277
 0.58297129914762391
 0.58187308032812035
 0.58096080954069074
 0.58021289881315818
 0.5796104071599385
 0.57913665099267642
 0.57877688168142238
 0.57851801755082788
 0.57834842012646426
 0.57825770645095587
 0.57823659091998902
 0.57827675135470447
 0.57837071506290572
 0.57851176143635197
 0.57869383829595511
 0.57891148969542505
 0.5791597933233521
 0.57943430597321177
 0.57973101582369213
 0.58004630048316541
 0.58037688994268166
 0.5807198337127577
 0.58107247156368802
 0.5814324073464
 0.58179748549485588
 0.58216576985519586
 0.58253552453294311
 0.58290519652094663
 0.58327339989378457
 0.58363890137698982
 0.58400060714636903
 0.58435755071975592
 0.58470888182845315
 0.5850538561634081
 0.58539182590946526
 0.58572223099456033
 0.58604459097217654
 0.58635849747353097
 0.58666360716214228
 0.58695963511427052
 0.5872463485403222
 0.58752355124622846
 0.5890996048552396
 0.58806628569278407
 0.58832815489718326
 0.58858036924544688
 0.58882303416086756
 0.58905626745411643
 0.58928020644862356
 0.58949500566020396
 0.58970083458503275
 0.58989787562018869
 0.5900863221270175
 0.59026637664348136
 0.59043824923716814
 0.59060215599836552
 0.59075831766683085
 0.59090695838150875
 0.59104830455079083
 0.5911825838267426
 0.59131002418630485
 0.59143085310853882
 0.5915452968317928
 0.59165357969977606
 0.59175592357866991
 0.59185254734624382
 0.59194366643749063
 0.59202949245563796
 0.59211023283312514
 0.59218609054002591
 0.59225726383810995
 0.59232394607685901
 0.5923863255217745
 0.59244458522003252
 0.59249890289265705
 0.59254945085677213
 0.59259639597074076
 0.59263989959765162
 0.5926801175952735
 0.59271720031711705
 0.59275129262733828
 0.59278253393884128
 0.59281105824981184
 0.59283699419958213
 0.59286046512741808
 0.59288158914494848
 0.59290047920648437
 0.59291724319085815
 0.59293198398358959
 0.5929447995634608
 0.59295578309010466
 0.59296502299691511
 0.5929726030783592
 0.59297860258153823
 0.59298309629661106
 0.5929861546465931
 0.59298784377508729
 0.59298822563332965
 0.59298735806194081
 0.5929852948754285
 0.59298208593990764
 0.59297777724906542
 0.59297241099669995
 0.59296602564927448
 0.59295865600821396
 0.59295033327367253
 0.59294108510658128
 0.59293093568014377
 0.59291990573306042
 0.59290801261537196
 0.59289527033556644
 0.59288168959623444
 0.59286727783440962
 0.59285203924919494
 0.59283597483397743
 0.59281908239914904
 0.59280135659390254
 0.59278278892209613
 0.59276336775882743
 0.59274307835819195
 0.59272190286294557
 0.59269982030649671
 0.59267680661686939
 0.59265283461214058
 0.59262787399891881
 0.59260189136340402
 0.5925748501654492
 0.5925467107247282
 0.59251743021099013
 0.59248696262873879
 0.59245525880350824
 0.59242226636440976
 0.5923879297334369
 0.59235219011728157
 0.59231498552013495
 0.59227625082044855
 0.59223591796635722
 0.5921939163943295
 0.59215017373741818
 0.59210461684008298
 0.59205717312975292
 0.59200777298196561
 0.59195635505634681
 0.59190287948529574
 0.59184736061119847
 0.59178995009259761
 0.59173115549197131
 0.59167243868639496
 0.59161801578429085
 0.59158123256283779
 0.5916010989934416
 0.5916999529950977
 0.59175750224613655
 0.5917436617244014
 0.59171938149319325
 0.59173445911508538
 0.59186076133813337
 0.59226316850544936
 0.59166367041859791
 0.59295638793461736
 0.59278598116854686
 0.59260072521289342
 0.59241140314924889
 0.59222180227430699
 0.5920312255023531
 0.5918369434487184
 0.59163870947579511
 0.59144305211146331
 0.59125438484478843
 0.59106608182722409
 0.59092437210040927
 0.59116583151779822
 0.59181340196988597
 0.59205555516666231
 0.5920347803208823
 0.59173952144935227
 0.59144601641926609
 0.59123423831365884
 0.59124312979671656
 0.59180387531856937
 0.59235114890149876
 0.59272540813254948
 0.59286636423248529
 0.59256336002875698
 0.59213006742871099
 0.59168097533674435
 0.59124312735056428
 0.59092657763346046
 0.59071785112251141
 0.59118677191659119
 0.59174925285513591
 0.59199077719902327
 0.5920077934364486
 0.59200203209493185
 0.59166581806028162
 0.59181473471850476
 0.59190739712262808
 0.59193495922478423
 0.59159611997504769
 0.59178022919693696
 0.59191069643696792
 0.59177123311767654
 0.59148510419508915
 0.59202993078319555
 0.59184618801161482
 0.59171686149807923
 0.59168427137374124
 0.59193337642006438
 0.59174238918436073
 0.59172372712584242
 0.59190868347291958
 0.5916669081303807
 0.59184816904721349
 0.59180501227874038
 0.59170248200226627
 0.59188506091262916
 0.59167912921282373
 0.59188258072175504
 0.59169431962298613
 0.59185927184643539
 0.59171119937351546
 0.59184688088211113
 0.59171692797796693
 0.5918438031186728
 0.59171673959887938
 0.59183494716686214
 0.59172984553669672
 0.59180790697440588
 0.59176645814488715
 0.59176810463464402
 0.5918025607581443
 0.59173711347830982
 0.59180921285060661
 0.5917351996951864
 0.59178710110572796
 0.59175617822171878
 0.59175468272569309
 0.59177301434887064
 0.59172978510974417
 0.59177879197022598
 0.59172103052749703
 0.59177967467427206
 0.59172913924484727
 0.59177352882839662
 0.59175186673880453
 0.59174950225147116
 0.59175278669462084
