# Created by Octave 5.2.0, Sat Sep 05 05:54:49 2020 CEST <tkanas@tkanas>
# name: p
# type: matrix
# rows: 201
# columns: 1
 0.594933525611124
 1.2389333512859027
 1.3158570005523063
 1.3970647906714486
 1.4819473309028297
 1.569632501925728
 1.6590882485669753
 1.7492136367783946
 1.8389137254244743
 1.9271581688114579
 2.0130245396470388
 2.095727311221641
 2.1746335036926885
 2.2492664830808229
 2.3193000397188444
 2.3845453090712772
 2.4449331590364252
 2.5004943889756195
 2.5513396065131313
 2.5976401120443566
 2.6396106265782127
 2.6774942948441529
 2.7115500950977744
 2.7420425818000949
 2.7692337604207178
 2.7933768260318907
 2.8174460182861116
 2.8425660671418651
 2.8605893613541391
 2.8764907434617468
 2.8906318502384543
 2.9031952204640681
 2.9143473217404239
 2.9242392784699276
 2.9330077556851064
 2.9407759329576986
 2.9476545187929402
 2.9537427689849776
 2.9591294828015529
 2.9638939590007802
 2.968106899954571
 2.9718312569115644
 2.9751230129800788
 2.9780319029999913
 2.9806020713163077
 2.9828726697319334
 2.984878398746035
 2.9866499956811183
 2.9882146735576796
 2.9895965146524763
 2.9908168226293408
 2.9918944369986242
 2.9928460134721151
 2.9936862735571292
 2.9944282264927926
 2.995083366384613
 2.9956618471491381
 2.9961726376439555
 2.9966236591333217
 2.9970219070293038
 2.9973735586519661
 2.9976840685724047
 2.9979582529376541
 2.9982003640260291
 2.9984141561467537
 2.998602943873903
 2.9987696534967019
 2.9989168684679828
 2.999046869544054
 2.9991616702325259
 2.9992630480923315
 2.9993525723688261
 2.9994316283909828
 2.999501439108168
 2.9995630841009122
 2.9996175163603414
 2.999665577097423
 2.9997080088122177
 2.9997454668267363
 2.9997785294607855
 2.9998077070096016
 2.9998334496629897
 2.999856154489529
 2.9998761715945967
 2.9998938095483023
 2.9999093401679011
 2.9999230027291359
 2.9999350076723248
 2.9999455398607293
 2.9999547614421069
 2.9999628143578847
 2.9999698225391747
 2.9999758938236685
 2.9999811216233794
 2.9999855863690752
 2.9999893567539542
 2.9999924907958628
 2.999995036734656
 2.9999970337786404
 2.9999985127116995
 2.9999994963706018
 3
 3
 2.9999995915039208
 2.9999986734872723
 2.9999972635762107
 2.9999953403862945
 2.9999928746890081
 2.9999898289675841
 2.9999861568460382
 2.9999818023824685
 2.9999766992161514
 2.9999707695550457
 2.9999639229886093
 2.9999560551074871
 2.999947045909134
 2.9999367579648655
 2.9999250343203778
 2.9999116960975019
 2.9998965397605697
 2.9998793340053695
 2.9998598162232315
 2.9998376884857829
 2.99981261298919
 2.9997842068876359
 2.9997520364370973
 2.9997156103595266
 2.999674372325515
 2.9996276924402308
 2.9995748576021444
 2.9995150605853929
 2.9994473876802279
 2.9993708046995322
 2.999284141137736
 2.9991860722381269
 2.9990750986931243
 2.9989495236651869
 2.9988074267750324
 2.9986466346568101
 2.9984646876272834
 2.9982588019555267
 2.9980258271524654
 2.9977621976219844
 2.997463877928658
 2.9971263008384756
 2.9967442971768041
 2.9963120164218466
 2.9958228368079807
 2.9952692635512945
 2.9946428136254015
 2.9939338853075541
 2.9931316104784655
 2.9922236873923578
 2.9911961913301557
 2.9900333602056857
 2.9887173518055636
 2.9872279689025443
 2.98554234798259
 2.9836346067597845
 2.9814754450114971
 2.9790316925392557
 2.9762657972366235
 2.9731352453111195
 2.9695919046488464
 2.9655812811099422
 2.9610416761827691
 2.9559032328823385
 2.95008685502986
 2.9435029830679378
 2.9360502073179484
 2.9276136970375881
 2.918063420745884
 2.9072521300056051
 2.8950130751355907
 2.8811574171093546
 2.8654712951144408
 2.8477125038224771
 2.8276067282665145
 2.8048432772413112
 2.7790702482220855
 2.7498890478108757
 2.7168481815225376
 2.6794362151511493
 2.6370737968253009
 2.5891046139564637
 2.5347851423673169
 2.4732730256836821
 2.4036139012736069
 2.3247264642672052
 2.2353855330899548
 2.1342028480355713
 2.0196052981863604
 1.8898102309492621
 1.7427974524557728
 1.5762774785525164
 1.387655564747224
 1.1739911582498266
 0.93195349780154202
 0.65778134466219385
 0.34730123332697022
 0.06052428419609749


