# Created by Octave 5.2.0, Thu Sep 03 23:39:25 2020 CEST <tkanas@tkanas>
# name: p
# type: matrix
# rows: 401
# columns: 1
 1.476384957182586
 1.6683922001362628
 1.4941599323155572
 1.6370699654405567
 1.6751048300248603
 1.7137192793407736
 1.7528324730533464
 1.792349727627587
 1.8321622529632782
 1.9984235190163213
 1.9150061688979796
 1.9551222252829945
 1.995061530973548
 2.0347128407690929
 2.0739674080713479
 2.1127227498895866
 2.1508836097241582
 2.1883626537326037
 2.2250809368988729
 2.2609681705430122
 2.2959628181436735
 2.3300120432860334
 2.3630715314455983
 2.3951052059500819
 2.4260848574676177
 2.4559897054484989
 2.4848059088984749
 2.5125260425992422
 2.5391485534133227
 2.564677209684167
 2.5891205550585821
 2.6124913764203188
 2.63480619412451
 2.6560847814400659
 2.6763497191047279
 2.6956259902264996
 2.713943749199609
 2.5486823808609835
 2.746585557726843
 2.7620942597001896
 2.7767608503844641
 2.7906115226965378
 2.8036757457425705
 2.8159829754459045
 2.8275624326506001
 2.838442914944352
 2.848652636781654
 2.8582190934462042
 2.8671689450714597
 2.8755279174140922
 2.8833207163939738
 2.890570884241225
 2.9017561432295236
 2.9118735366129305
 2.9182823181947772
 2.9242876312483999
 2.9299112526025812
 2.9351741073691695
 2.9400962215244779
 2.9446967309777774
 2.9489938954385977
 2.9530051161207855
 2.9567469564819704
 2.9602351653277696
 2.9634847017160055
 2.9665097611856299
 2.9693238029085149
 2.9719395774258612
 2.9743691546833562
 2.9766239521258413
 2.9787147626509745
 2.9806517822556233
 2.9824446372378479
 2.9841024108423899
 2.985633669260169
 2.9870464869105908
 2.9883484709519763
 2.9895467849794399
 2.9906481718819187
 2.9916589758397767
 2.99258516345362
 2.9934323440023443
 2.9942057888344036
 2.9949104499017407
 2.9955509774502072
 2.9961317368833882
 2.9966568248201115
 2.9971300843678539
 2.9975551196357832
 2.9979353095131365
 2.9982738207386519
 2.9985736202880688
 2.9988374871065835
 2.99906802321338
 2.9992676642051022
 2.9994386891850557
 2.9995832301441601
 2.9997032808194533
 2.9998007050550424
 2.9998772446899267
 2.9999345269961886
 2.9999740716903491
 2.9999972975397582
 3
 3
 2.9999818636045936
 2.9999521930559223
 2.9999119887284706
 2.9998621823042373
 2.9998036410877464
 2.9997371720609491
 2.9996635256927018
 2.9995833995165446
 2.9994974414892228
 2.9994062531425492
 2.9993103925395803
 2.9992103770459235
 2.9991066859259199
 2.9989997627727356
 2.9988900177807496
 2.9987778298674219
 2.9986635486514537
 2.9985474962925913
 2.998429969197669
 2.9983112395960871
 2.9981915569866491
 2.9980711494559951
 2.9979502248670715
 2.9978289719134668
 2.9977075610331632
 2.9975861451713701
 2.9974648603782201
 2.9973438262220831
 2.997223145992395
 2.9971029066587489
 2.9969831785422816
 2.9968640146439491
 2.9967454495582038
 2.9966274978815286
 2.9965101520016679
 2.9963933791221553
 2.9962771173398983
 2.9961612705452456
 2.9960457018547184
 2.9959302252115401
 2.9958145946954073
 2.9956984909647337
 2.9955815041067559
 2.9954631119853015
 2.9953406366352278
 3
 2.995158911667279
 2.9951054424153529
 2.9950478315907492
 2.9949887953410159
 2.9949288733725496
 2.9948684955998495
 2.9948080041574974
 2.9947476709777949
 2.9946877118235111
 2.9946282974898755
 2.9945695627474427
 2.9945116134829224
 2.9944545324034713
 2.9943983835953221
 2.9943432161695656
 2.9942890671797588
 2.9942359639592211
 2.9941839259952019
 2.9941329664338676
 2.9940830932900582
 2.9940343104217439
 2.9939866183160215
 2.9939400147245001
 2.9938944951780133
 2.9938500534046093
 2.9938066816698581
 2.9937643710546751
 2.9937231116828849
 2.9936828929080468
 2.9936437034675629
 2.9936055316099339
 2.993568365200487
 2.9935321918091558
 2.9934969987838875
 2.9934627733119554
 2.9934295024714066
 2.9933971732741296
 2.9933657727021576
 2.9933352877379731
 2.9933057053899259
 2.9932770127133352
 2.9932491968278989
 2.9932222449320292
 2.9931961443141364
 2.993170882361547
 2.9931464465671014
 2.9931228245336712
 2.9931000039769069
 2.9930779727260499
 2.993056718723258
 2.9930362300212812
 2.993016494779785
 2.9929975012600032
 2.9929792378182491
 2.9929616928979561
 2.9929448550203119
 2.9929287127736228
 2.9929132548012753
 2.9928984697883831
 2.9928843464469801
 2.9928708734998435
 2.9928580396627886
 2.9928458336256027
 2.9928342440312088
 2.9928232594534334
 2.9928128683729391
 2.9928030591514294
 2.9927938200040636
 2.9927851389698508
 2.9927770038800974
 2.9927694023246021
 2.9927623216156536
 2.9927557487496279
 2.9927496703660399
 2.9927440727039096
 2.9927389415552463
 2.9927342622156292
 2.9927300194314239
 2.9927261973437758
 2.9927227794288291
 2.9927197484342103
 2.9927170863114365
 2.992714774143916
 2.9927127920703791
 2.9927111192033875
 2.9927097335426769
 2.9927086118828372
 2.9927077297151792
 2.9927070611232591
 2.992706578671668
 2.9927062532878201
 2.9927060541359762
 2.9927059484833545
 2.9927059015574651
 2.9927058763944765
 2.9927058336776744
 2.992705731565636
 2.992705525509288
 2.9927051680572814
 2.9927046086487334
 2.9927037933927787
 2.9927026648337964
 2.9927011617015702
 2.9926992186454355
 2.9926967659511767
 2.992693729239821
 2.9926900291469392
 2.9926855809813238
 2.992680294361711
 2.9926740728300474
 2.9926668134398935
 2.9926584063182609
 2.9926487341992756
 2.9926376719277892
 2.9926250859309258
 2.9926108336557311
 2.9925947629705232
 2.9925767115276503
 2.992556506085267
 2.9925339617853797
 2.9925088813854313
 2.9924810544403742
 2.9924502564320963
 2.992416247842745
 2.992378773168439
 2.9923375598694206
 2.9922923172526414
 2.9922427352824372
 2.992188483314568
 2.9921292087488394
 2.9920645355949169
 2.991994062945905
 2.9919173633535943
 2.991833981099187
 2.9917434303526855
 2.9916451932138415
 2.9915387176270096
 2.9914234151617736
 2.9912986586507548
 2.9911637796753996
 2.991018065889901
 2.9908607581728996
 2.9906910475958584
 2.9905080721962656
 2.9903109135431647
 2.9900985930815285
 2.9898700682413328
 2.9896242282961127
 2.9893598899547964
 2.9890757926697171
 2.9887705936424598
 2.9884428625079393
 2.9880910756761478
 2.9877136103092701
 2.9873087379107179
 2.9868746175009893
 2.9864092883536264
 2.9859106622628433
 2.9853765153125429
 2.984804479114362
 2.9841920314805024
 2.983536486494561
 2.9828349839415371
 2.9820844780551425
 2.981281725538516
 2.980423272810703
 2.9795054424289331
 2.9785243186328971
 2.9774757319539074
 2.9763552428280144
 2.975158124148134
 2.9738793426859411
 2.9725135393095918
 2.9710550079186664
 2.969497673012071
 2.9678350657995942
 2.9660602987611098
 2.9641660385517099
 2.9621444771435561
 2.959987301088383
 2.9576856587762972
 2.9552301255582858
 2.9526106665908953
 2.9498165972513997
 2.9468365409618658
 2.9436583842489763
 2.9402692288545276
 2.93665534069864
 2.9328020954836274
 2.928693920711773
 2.9243142338735972
 2.9196453765463262
 2.9146685441228395
 2.9093637108714936
 2.9037095500047339
 2.8976833484107103
 2.8912609156760096
 2.8844164869994784
 2.8771226195661073
 2.8693500819166671
 2.8610677358118637
 2.8522424100496284
 2.8428387656502516
 2.8328191517751544
 2.8221434516920247
 2.8107689180395834
 2.7986499965797735
 2.7857381375523018
 2.7719815936650511
 2.7573252036630138
 2.7417101603161798
 2.7250737615518053
 2.7073491433263936
 2.6884649926850281
 2.6683452392874094
 2.6469087234874835
 2.6240688388321054
 2.5997331465890863
 2.5738029596189107
 2.5461728925598237
 2.5167303748931231
 2.4853551229819342
 2.4519185666177878
 2.4162832249466129
 2.3783020258555947
 2.3378175619568644
 2.2946612751660362
 2.2486525604982845
 2.1995977780337785
 2.1472891599650756
 2.0915035971373035
 2.0320012864086485
 1.9685242163397296
 1.9007944639686298
 1.8285122694910743
 1.7513538482221258
 1.6689688898718746
 1.5809776834664706
 1.48696779174494
 1.3864901813828039
 1.2790546957248661
 1.1641247384966449
 1.0411110315999927
 0.90936434924986431
 0.76816729811089968
 0.61672572495161171
 0.45416174120053726
