# Created by Octave 5.2.0, Fri Sep 04 05:50:50 2020 CEST <tkanas@tkanas>
# name: p
# type: matrix
# rows: 401
# columns: 1
 0
 0
 0
 0
 0
 0
 0
 0
 0
 0
 0
 0
 0
 0
 0
 0
 0
 0
 0
 0
 0
 0
 0
 0
 0
 0
 0
 0
 0
 0
 0
 0
 0
 0
 0
 0
 0
 0
 0
 0
 0
 0
 0
 0
 0
 0
 0
 0
 0
 0.17581824920459388
 0.17561442696747517
 0.17542720519222607
 0.17525647767235908
 0
 0
 0
 0
 0
 0
 0
 0
 0
 0
 0
 0
 0
 0
 0
 0
 0
 0
 0
 0
 0
 0
 0
 0
 0
 0
 0
 0
 0
 0
 0
 0
 0.65496837333906432
 0.65496837333906432
 0.65496837333906432
 0.65496837333906432
 0.65496837333906432
 0.65459065588948739
 0.6505505997529486
 0.64688971860606226
 0.64343464634750036
 0.64013262267913906
 0.63716477009740013
 0.63448914000897383
 0.63206933934424847
 0.62987369251274994
 0.62909499320394169
 0.62893372821548787
 0.6287852355581639
 0.62859463571413576
 0.62838186640245586
 0.62818498709285953
 0.62800252941383217
 0.62783318243445285
 0.62767577261287077
 0.62752924677115707
 0.62739265751384155
 0.62726515065904731
 0.62714225094298826
 0.62702619819113947
 0.62691700430104014
 0.62681408758432489
 0.62671691718306055
 0.62662500746479655
 0.62653791307746209
 0.62645522457611325
 0.62637656454522495
 0.62630158415455484
 0.62622996008954612
 0.62616139181138231
 0.62609559910284518
 0.626032319864258
 0.62597130812781521
 0.62591233226211407
 0.62585517334257124
 0.62579962366364317
 0.62574548537587116
 0.62569256922428573
 0.62564069337248607
 0.62558968228923173
 0.62553936567667512
 0.6254923209142127
 0.62545164469589942
 0.62541146101234091
 0.62537162139532232
 0.62533197691929443
 0.62529237611342547
 0.62525266207194752
 0.6252126682698016
 0.62517220786729233
 0.62648394668859542
 0.62811057336369458
 0.62985948550230242
 0.62400022695184565
 0.61489917409211581
 0.60690219783109911
 0.59991417938411751
 0.59384890442008209
 0.5887722429250184
 0.58432370868596561
 0.58058308972541905
 0.57749170684945395
 0.57499632026215863
 0.57304876101884838
 0.57160553219459853
 0.57062744836667523
 0.57007930944162755
 0.56992960593101705
 0.56994717997413957
 0.57025472457216964
 0.57080808452835496
 0.56931372160050142
 0.56804404371699868
 0.56698946565047403
 0.56614199582252123
 0.56548099525928963
 0.56500782824743623
 0.56471022074109134
 0.56457684305551048
 0.56450274249686427
 0.56472394422382222
 0.56476335308830095
 0.5649401737061196
 0.56529951296123271
 0.56582267678279052
 0.56628061759049353
 0.56681447811240782
 0.56670954482677838
 0.56813149914673733
 0.56952513257731308
 0.57088681654409845
 0.57221350068704357
 0.57350265240847143
 0.57475220168457475
 0.57596049071612776
 0.57712622820222215
 0.57824844782239382
 0.5793264706563479
 0.58035987125487409
 0.58134844709954026
 0.58229219115833464
 0.58319126736582905
 0.58404598874048208
 0.58485679798998247
 0.58562425039889177
 0.5863489988043884
 0.58703178053296201
 0.58767340613950025
 0.58827474982178241
 0.58883674136601138
 0.58936035956400179
 0.58984662697241641
 0.59029660591379529
 0.5907113956966128
 0.59109213095040658
 0.59143998101490314
 0.5917561503774097
 0.59204188008672698
 0.5922984501203935
 0.59252718269596139
 0.59272944654596149
 0.5929066620638378
 0.59306030745473004
 0.59319192581538638
 0.5933031332235017
 0.59339562792813205
 0.59347120061912972
 0.59353174603844394
 0.59357927603192018
 0.59361593434240068
 0.59364401356684304
 0.59366597758549067
 0.59367799138986765
 0.59368328264372772
 0.59368216052407641
 0.59367272920891145
 0.59365312237630141
 0.59362148686119831
 0.59357596854326189
 0.59351469923195821
 0.59343578407852238
 0.59333728941317365
 0.59269854629195384
 0.59139974200610712
 0.59003110804196324
 0.58859157247410165
 0.58708008469945383
 0.58549561323137866
 0.58383714365380301
 0.58210367677074548
 0.58029422692590005
 0.57840782049134609
 0.57644349450502586
 0.57440029551115812
 0.57227727850836929
 0.57007350609533303
 0.56778804776466318
 0.56541997934579713
 0.56296838262217486
 0.56043234509212969
 0.55781095991373131
 0.55510332600195256
 0.5523085482925183
 0.54942427170129737
 0.54645108183203461
 0.5433881572899415
 0.54023464030350321
 0.53698968382513179
 0.53365245301380937
 0.53026824605943312
 0.52809304125125955
 0.52581188195625139
 0.52341624215653104
 0.52089716700138355
 0.51824522144310226
 0.5171632845431634
 0.51807249843794845
 0.51892958922773513
 0.51973725832638251
 0.5204980288556097
 0.52121427261720021
 0.52188769686381142
 0.52215460678383641
 0.52237978191009959
 0.52256725468868015
 0.52272075378074223
 0.52279338811159592
 0.52282045197394267
 0.52268983576358874
 0.52243821432905202
 0.52217610097742528
 0.52190635938487717
 0.52163159329930708
 0.52135416605597551
 0.52107621833097639
 0.52045406970440322
 0.52053078618188342
 0.52059230734849382
 0.52072384034464281
 0.5208420490075103
 0.52094763390784915
 0.52104124381956618
 0.5211234784064932
 0.52119489073409264
 0.52125598961410002
 0.52130724179003352
 0.5213490739690686
 0.52138187470666519
 0.52140599614953054
 0.52142299854713137
 0.52143168186767364
 0.52143230157001619
 0.52142508212504968
 0.52141021812160226
 0.52138935729686875
 0.52135819126896454
 0.52132127662334571
 0.52127721530196047
 0.52122606535279004
 0.52116785939296661
 0.52110298467783878
 0.52103214830099376
 0.52095442255267832
 0.52086974132780284
 0.52077801450597794
 0.52067912791895565
 0.52057294323338998
 0.52045929774979538
 0.52033800411738573
 0.52020884996416905
 0.52007159744294973
 0.51992598269069912
 0.51977171520137322
 0.51960847710882652
 0.51943592237685576
 0.51931890548428739
 0.5195315384669269
 0.51974973975860173
 0.51997243133390048
 0.5201984416818104
 0.52042649818633469
 0.52065521888213584
 0.52088310355908496
 0.52110852419445919
 0.52121214403663418
 0.5211970003116424
 0.52116888821943608
 0.52106063775176292
 0.52093370223133417
 0.52067998419711303
 0.52038246396879917
 0.52005011684012525
 0.51932978909119842
 0.51857217511035059
 0.51777556194018726
 0.5169381485603407
 0.5160580400442305
 0.51513324002740968
 0.5141616405631626
 0.51314100790423889
 0.512068961904386
 0.5109429453966412
 0.50976017779894545
 0.50851758387784973
 0.50721160345729643
 0.53743536158484406
 0.57941247480595515
 0.62357358417458253
 0.6249433068539576
 0.62444272486990171
 0.62390759247137695
 0.62333574293493543
 0.61978721548366322
 0.61618362781605207
 0.61275796229111446
 0.60949750059101204
 0.60639043159377948
 0.60342577741044745
 0.60059332907463858
 0.59788359001819491
 0.59528772602209279
 0.59279752068815139
 0.59040533571029485
 0.58810407538005371
 0.58666079566567786
 0.58525696999859911
 0.58376270040883027
 0.582172440090304
 0.58048030785787086
 0.57868006810076666
 0.57676510952645621
 0.57472842261488633
 0.57256257569323887
 0.57025968952737582
 0.56781141030569049
 0.56562381867380696
 0.56406022965046154
 0.56253212402634711
 0.56103794668599438
 0.55957630403817449
 0.55947164496507296
 0.55841556940021631
 0.55692642811120396
 0.55598894325165871
 0.55569795403348377
 0.55599059086450509
 0.55355269474815449
 0.43686439234461971


