# Created by Octave 5.2.0, Sat Sep 05 00:56:00 2020 CEST <tkanas@tkanas>
# name: p
# type: matrix
# rows: 401
# columns: 1
 1.3416321660689697e-15
 1.6049536745778467e-15
 3.7553216825296538e-17
 2.9518973919459654e-15
 2.4856987865692549e-16
 7.2616802538903887e-16
 3.3611064064152194e-16
 4.83628070181501e-17
 1.515394041348667e-16
 0.082556368213380985
 0.26662473489277105
 0.4072893121323759
 0.51127801430617659
 0.58605183002303674
 0.63779544711935943
 0.67149392197638624
 0.69105866383684644
 0.69946406379072257
 0.69887944044804995
 0.69078757180809747
 0.67608556480656734
 0.65516677602139772
 0.62798406939034268
 0.59409557722802908
 0.55269437283584033
 0.50262335400232627
 0.44237631582907189
 0.37008587252967584
 0.28349837675443373
 0.17993890369156892
 0.056963559792134466
 1.7409565993132607e-15
 2.0812907800181756e-16
 1.6506607725532254e-15
 2.7696029303480748e-17
 1.5600220271144163e-15
 1.438283664649724e-16
 3.9722925084793918e-18
 7.9582078964721848e-18
 2.1832872932218844e-15
 5.3389170873052102e-17
 2.9224420349957307e-16
 1.0918026475339013e-15
 1.14128386832436e-15
 5.7350080797178744e-16
 1.2555009816989676e-16
 5.4526986130321479e-16
 5.1877213357443916e-16
 5.0614487221548833e-16
 5.0684300564683174e-16
 2.8513003359247301e-16
 3.3763727179304189e-16
 8.5432818686702023e-16
 6.4938971128447444e-16
 7.9444051967954996e-16
 3.6495481660065209e-20
 3.0334680052856163e-16
 8.9169982059172112e-16
 6.8218921207807922e-20
 9.260315882941156e-16
 1.5962944180818127e-15
 3.0041955544687426e-16
 4.9289614638543666e-17
 3.0187530166301596e-17
 1.4780762711708254e-17
 1.4294994497701572e-15
 4.0919811802576861e-16
 1.7450482872733044e-15
 0
 4.2453446433166284e-16
 1.1586728030498225e-15
 5.0329295010092982e-17
 4.0968099706409538e-16
 1.8209400443185275e-17
 2.0792042162929316e-17
 5.9070230823306072e-17
 2.0623282032431725e-15
 3.0152615884938442e-15
 5.8947855618374942e-18
 1.011206501829142e-17
 7.5343039574611285e-16
 1.0711963342513735
 0.59175614333106785
 0.59174318512365132
 0.59176183715146302
 0.59177319235523962
 0.5917782765698304
 0.59175438035217742
 0.59176928001419049
 0.59177220512717099
 0.59178991831722516
 0.5917462946210974
 0.59179210689534045
 0.59176482691056265
 0.59183693284705796
 0.59171655401760281
 0.59184843233849416
 0.59171584055084803
 0.59181711719663055
 0.59175245646396912
 0.59180094251668158
 0.59177384309018766
 0.59178785174262261
 0.59179227236222587
 0.59180267357452077
 0.59178818601404637
 0.59179804796598257
 0.59180873529860301
 0.59176044081538737
 0.59179634301090567
 0.59181050279773262
 0.59179571545842524
 0.5917977498469944
 0.59181315011152924
 0.59180300175068645
 0.59178823655060575
 0.59177894204220116
 0.59180856860923314
 0.59183080062993498
 0.59175884371010568
 0.59182595013528383
 0.59179115577467489
 0.59182837283429768
 0.59178127120969148
 0.5918082686481555
 0.59182730525277805
 0.59180262893358537
 0.59178878942186952
 0.5917958861056688
 0.59181422621990998
 0.59180408835708465
 0.5918074654892177
 0.59182169522890327
 0.59180247970077104
 0.59179666462543223
 0.59181179072475232
 0.59180925492934067
 0.59180139154652778
 0.59181225634100054
 0.59182085084845304
 0.59181025647283891
 0.59181202298220292
 0.59181767426614984
 0.59181261823823239
 0.59181124346456937
 0.59181072904206644
 0.59180479964692334
 0.59180363563737126
 0.59180579183279358
 0.59181425898169493
 0.59181590595021416
 0.59181211028534786
 0.59180621926711718
 0.59180623859131509
 0.59180955483681286
 0.59181677602809868
 0.59182129690763197
 0.59181817794231217
 0.59181151939442478
 0.59180391249122977
 0.59180030002529882
 0.59180161429519873
 0.59180574584854739
 0.59181072268770174
 0.59181778597801515
 0.59182108165030012
 0.59181992372702474
 0.59181881986126028
 0.5918101125918922
 0.59180220050870924
 0.59180076205728149
 0.59180901700670752
 0.59182480698993656
 0.5918287365459276
 0.59181338891328483
 0.59180401457655873
 0.59180024492733208
 0.59181107251848475
 0.59182818310398311
 0.59182943469265792
 0.59181462068182999
 0.59179881226916686
 0.59179148212582333
 0.59181866024488683
 0.59181955775523742
 0.59181127544709733
 0.59180004874439607
 0.59181905822071057
 0.59182113879353759
 0.5918200782877483
 0.59180000187278936
 0.59180991433566821
 0.59182036142180539
 0.59182236876620709
 0.59180325249888333
 0.59179994877304531
 0.59182022264799783
 0.59181608114676387
 0.59181538814801105
 0.59180957778658427
 0.59182852689580867
 0.59181763670056509
 0.59182056439750008
 0.59181030203699758
 0.59181162766736883
 0.59180364391207696
 0.59179601350768773
 0.5918133556426135
 0.59181167817525226
 0.591822163947894
 0.59182770438552923
 0.59181540564269464
 0.59181003254954156
 0.59180367367941455
 0.59180092410986318
 0.59180915084653418
 0.5918166484934857
 0.59182130212619299
 0.5918239609170467
 0.59181644907892439
 0.59180730985333752
 0.59181571473840755
 0.59180224986789864
 0.59182964658631998
 0.59179959842684893
 0.59181021757237073
 0.59181085147666057
 0.591790949298173
 0.59181791536478268
 0.59181406233758416
 0.59182080519578339
 0.59182603335952899
 0.59181509553033984
 0.59181466501305757
 0.59180940929542769
 0.59180744692007936
 0.59180785646070211
 0.59180919238710428
 0.59181099353973166
 0.59182116803123008
 0.59181945466730368
 0.59181460053648394
 0.59181087660471265
 0.59181192679991301
 0.59181600729910988
 0.59181467693511025
 0.5918123231965815
 0.59181112922346235
 0.59181234371315283
 0.59181443066325157
 0.59181441731105688
 0.59181321852441615
 0.59181175116934348
 0.59181111342472381
 0.59181259065164193
 0.59181539082278767
 0.59181568226366099
 0.59181423055246551
 0.59181524025358445
 0.5918151778363363
 0.59181139927463122
 0.59181047944901233
 0.59181073384464944
 0.59180665223906281
 0.59180728822066553
 0.59181530971648111
 0.59181253276578849
 0.59180919225139361
 0.59182110330495674
 0.59181888452739817
 0.5918075487671336
 0.59181043790291943
 0.59181287699745877
 0.59181110339996534
 0.59181486882264489
 0.59182277103729652
 0.59182469085018252
 0.59182712009855798
 0.59181384796404135
 0.59179884923060666
 0.59179456805186559
 0.59181152693578232
 0.59182201792740141
 0.59181338206795586
 0.59181304434162163
 0.59180985853233214
 0.59180209918107429
 0.59180336759266827
 0.59182358888166642
 0.59181412565119229
 0.59183190511176176
 0.59181406295637262
 0.59181370657669863
 0.59179814755553806
 0.59180304093677316
 0.59181589642019361
 0.59182868337791794
 0.59182619609676868
 0.59181468423361383
 0.59179494569972113
 0.59180579538157496
 0.59181253992153793
 0.59182946253895108
 0.59182421424748355
 0.59181387146025044
 0.5918040650575046
 0.59180186447749183
 0.59181003544599609
 0.5918181264632173
 0.59181622761405872
 0.59182583864491312
 0.59181868463305654
 0.59181330846422719
 0.59180074147408013
 0.59180363455424867
 0.59181278954021665
 0.59181507590656657
 0.59181318982901832
 0.59181669856701424
 0.59181590808692008
 0.59181735791853307
 0.59181528182174992
 0.59181742285864603
 0.59181652363748682
 0.59181304940521262
 0.59180664494157265
 0.59180701855389928
 0.59181225763526824
 0.59181766134650415
 0.5918165679330214
 0.59181265684291517
 0.59181102210826564
 0.59180940638565882
 0.59181236214533917
 0.59181819744163189
 0.59182171055459065
 0.59182257353005285
 0.59182174453533221
 0.59181843037544268
 0.59181315198769913
 0.59180924781565292
 0.5918072094747957
 0.59180853786447718
 0.59181287337738453
 0.59181625379174307
 0.59181783938453314
 0.59181794703752588
 0.5918197475094229
 0.59182312606044329
 0.59182259304274876
 0.59181849078533089
 0.591814678626714
 0.59181227978300532
 0.59180923329419244
 0.59180900728071073
 0.59181209911481591
 0.59181599538577101
 0.5918190048550972
 0.59182141382293318
 0.59181908084050372
 0.59181537040621934
 0.5918206211314887
 0.59181122471176217
 0.59183094093386612
 0.59180738331449145
 0.5918282559020609
 0.59182178480593939
 0.59182176407685017
 0.59183506322976276
