# Created by Octave 5.2.0, Sat Sep 05 05:45:22 2020 CEST <tkanas@tkanas>
# name: p
# type: matrix
# rows: 401
# columns: 1
 1.5463837087960297
 1.6724704032966076
 1.4785476593232372
 1.6167910201114295
 1.6590374665225136
 1.7062067774760001
 1.755107907675109
 1.8037663577159657
 1.8510080741869481
 2.0242686397133776
 1.9422216925603717
 1.9831367844619432
 2.022137346342423
 2.0594984609396527
 2.0954894732986404
 2.1303669594334478
 2.1643546965791676
 2.1976332445991318
 2.2303358692430519
 2.2625493185895973
 2.2943180314998464
 2.3256506164606119
 2.3565275327904045
 2.3869091266034324
 2.4167432755945271
 2.4459721991937298
 2.4745379754488157
 2.5023867045954962
 2.5294712385774791
 2.5557526026929827
 2.5812003697664094
 2.6057922100378255
 2.6295129887652888
 2.6523536545825723
 2.6743102418490805
 2.6953827999894777
 2.7155950269190066
 2.5519533755015229
 2.7519439974944655
 2.7693359622538116
 2.7858670577807851
 2.8015133842970861
 2.8162751368958339
 2.8301568367904362
 2.8431673787443947
 2.8553198919014542
 2.8666316312649576
 2.8771237721059344
 2.8868211272506663
 2.8957517430695709
 2.9039464280884042
 2.9114383401992336
 2.9227170458783296
 2.9327914267186119
 2.9390340304904532
 2.9447654975441497
 2.9500232293126283
 2.9548430024345103
 2.959258709133012
 2.9633021098922958
 2.967002659099705
 2.9703874020242864
 2.9734809549054537
 2.9763055500005691
 2.9788811443587462
 2.981225568297984
 2.9833547220400569
 2.9852827824747701
 2.9870224339135012
 2.9885851047903538
 2.9899811810083228
 2.9912202502580971
 2.9923112699729946
 2.993262766359519
 2.9940829781661771
 2.9947799920802183
 2.9953618385615575
 2.9958365682325425
 2.996212305313195
 2.9964972811077812
 2.9966998550180755
 2.9968285037290454
 2.9968918305448979
 2.996898558054486
 2.9968575264124042
 2.9967777215296718
 2.9966683335214563
 2.9965388688341048
 2.9963993471201653
 2.9962606117995882
 2.99613475468044
 2.9960356388183671
 2.9959794638525237
 2.9959851815009717
 2.996074792760592
 2.9962742613491682
 2.9966185707330704
 2.9971727264251458
 2.9980967444547919
 2.9999999978803866
 2.9978815679333359
 2.9741271434967298
 2.999166744385231
 2.9891941142366476
 2.9990987767893094
 2.9997223179256043
 2.9744795630812848
 2.9996073640498175
 2.9986348895870329
 2.9970946559404799
 2.996169646940352
 2.9955513852545894
 2.9951193967972931
 2.9948124510762382
 2.9945933893245185
 2.9944367641627414
 2.9943242851956242
 2.9942427092372585
 2.994182548665655
 2.9941371047698913
 2.9941017044705971
 2.9940731600124488
 2.9940493496682117
 2.9940289277637229
 2.9940111253191253
 2.9939955920975834
 2.9939822913910592
 2.9939714192173295
 2.9939633311410927
 2.9939585057687599
 2.9939575026756846
 2.9939609510718688
 2.9939695395722556
 2.993984046056323
 2.994005375305099
 2.9940346275875154
 2.9940732346857835
 2.9941231142259612
 2.9941869196427953
 2.9942683675404842
 2.9943726813776643
 2.9945072068221577
 2.9946823199525796
 2.9949129952677604
 2.9952219735590386
 2.9956470825398238
 2.9962589304718921
 2.9972023430472521
 2.9988898583686496
 2.9990832777124501
 2.9866207127471514
 2.9993781745502535
 2.9998305745803351
 2.9984450800609603
 2.9978981608671691
 2.9976876761066396
 2.9976520930401112
 2.9977148295760476
 2.9978362288286
 2.9979928642244502
 2.9981692574467242
 2.9983545133953644
 2.9985407951099301
 2.9987225019975439
 2.9988957279724686
 2.9990578477930043
 2.9992071987882558
 2.9993428448158701
 2.9994643672055346
 2.9995717503558921
 2.9996652634404235
 2.9997453883756795
 2.9998127674595882
 2.9998681624472461
 2.9999124233969092
 2.9999464639409634
 2.9999712444278535
 2.9999877548431884
 2.9999970021712685
 3
 2.9999977659877248
 2.9999913069813218
 2.9999816185718804
 2.9999696759524159
 2.9999564251055633
 2.9999427762496627
 2.9999296179546278
 2.9999179411744077
 2.9999092760988986
 2.9999069597098722
 2.9999194315213624
 2.9999692178168558
 2.9999998769004756
 2.9999924641410831
 2.9997797765109153
 2.9979024846886873
 2.9994787263657123
 2.9997929604462179
 2.9999920999873853
 2.9999062011184328
 2.9998182145526355
 2.9997715051897047
 2.9997428829990596
 2.9997230259762242
 2.9997078994334498
 2.9996956163159587
 2.9996851362959944
 2.9996757652139494
 2.9996669648959982
 2.9996582999449157
 2.9996494138824454
 2.999640020705848
 2.9996299026885387
 2.9996188970974584
 2.9996069001068957
 2.9995938512498421
 2.9995797356028557
 2.9995645813472294
 2.9995484433069488
 2.9995314162991376
 2.9995136164464804
 2.9994951887893588
 2.9994762923775031
 2.9994571085625745
 2.9994378272018349
 2.9994186490753858
 2.9993997752688584
 2.9993814078950147
 2.9993637470359342
 2.9993469849427292
 2.9993312974891779
 2.999316852599657
 2.9993037954255448
 2.9992922536773761
 2.9992823328290839
 2.9992741134325231
 2.9992676504532514
 2.9992629749860877
 2.9992600881333922
 2.9992589701850703
 2.9992595705947358
 2.9992618167968779
 2.9992656137752287
 2.9992708434017978
 2.9992773685096772
 2.9992850361944234
 2.9992936765782239
 2.9993031101550272
 2.9993131470229843
 2.9993235902752664
 2.9993342425816358
 2.9993449008803075
 2.9993553677894522
 2.9993654475982718
 2.9993749503693121
 2.9993836965859213
 2.9993915124843555
 2.9993982380315045
 2.9994037205910495
 2.9994078230391721
 2.9994104161141082
 2.9994113811014138
 2.9994106117719257
 2.9994080075572884
 2.9994034738559265
 2.9993969216842631
 2.9993882619239094
 2.9993774043732211
 2.9993642539938898
 2.9993487085641579
 2.9993306520828567
 2.9993099552178846
 2.9992864668783241
 2.9992600157667062
 2.9992304014430595
 2.9991973936810563
 2.9991607298985508
 2.9991201056585219
 2.9990751824558539
 2.9990255735087725
 2.9989708475537884
 2.9989105250945292
 2.998844078370964
 2.9987709251977193
 2.998690431546355
 2.9986019116305576
 2.9985046222505849
 2.9983977672919031
 2.9982804938566066
 2.9981518968812879
 2.998011015988665
 2.9978568333725679
 2.997688283439127
 2.997504241994708
 2.9973035338773761
 2.9970849324751865
 2.9968471560528065
 2.9965888708752164
 2.9963086888768311
 2.9960051702860353
 2.9956768133065887
 2.9953220632241115
 2.9949393019091612
 2.9945268473635918
 2.9940829491268972
 2.9936057857637994
 2.9930934548045052
 2.9925439709752051
 2.9919552562721061
 2.9913251332245503
 2.9906513171386115
 2.9899314007393509
 2.9891628518056672
 2.9883429939974988
 2.9874689992856722
 2.9865378716963891
 2.9855464315340754
 2.9844913030661298
 2.983368897188035
 2.982175390014135
 2.9809067088769088
 2.9795585093956647
 2.9781261564973782
 2.9766047001834885
 2.9749888537988474
 2.9732729678734606
 2.9714510063962982
 2.9695165158333308
 2.9674625999962467
 2.9652818864840143
 2.9629664940035267
 2.9605080021998336
 2.9578974099041679
 2.9551251001070211
 2.9521807987332789
 2.9490535291634212
 2.9457315693659729
 2.9422024000250011
 2.9384526549006362
 2.9344680624940707
 2.9302333903727549
 2.9257323779998652
 2.9209476728569146
 2.9158607567228341
 2.9104518696909918
 2.9046999268637097
 2.8985824346188624
 2.8920753913331878
 2.8851531932892689
 2.8777885241493677
 2.8699522420208008
 2.8616132588485166
 2.8527384073732569
 2.8432923053025703
 2.833237202399491
 2.8225328242412169
 2.8111362014198322
 2.7990014848422624
 2.7860797535092678
 2.7723188033017925
 2.7576629242076383
 2.7420526602614888
 2.7254245513233744
 2.7077108597111841
 2.6888392695507588
 2.6687325738641117
 2.6473083296595297
 2.6244784896347468
 2.6001490101176863
 2.5742194204020707
 2.5465823681760495
 2.5171231211134808
 2.4857190339178303
 2.4522389707670089
 2.416542683757541
 2.3784801367700816
 2.3378907807953246
 2.2946027647591332
 2.2484320887698788
 2.1991816867180578
 2.1466404409864004
 2.0905821234904223
 2.0307642614205337
 1.966926933268865
 1.8987914921695557
 1.8260592313021871
 1.7484100017615594
 1.6655007982061301
 1.5769643367460904
 1.4824076333519747
 1.3814105620111274
 1.2735242832761522
 1.1582691988490816
 1.0351315457995423
 0.90355651937462111
 0.76293320443654533
