# Created by Octave 5.2.0, Fri Sep 04 04:23:46 2020 CEST <tkanas@tkanas>
# name: p
# type: matrix
# rows: 401
# columns: 1
 0.079611122770710044
 0.081888582964832743
 0.083629213322485088
 0.085377248709765458
 0.087131771703868335
 0.088891247954764371
 0.090653656768655888
 0.092416616168957771
 0.095473479078877418
 0.095956926246872701
 0.097705180065719974
 0.099442888314144148
 0.10116729611352078
 0.10287575929584682
 0.10456577550480482
 0.106235004993828
 0.10788128292089993
 0.10950262475378036
 0.1110972262881629
 0.11266345961371133
 0.11419986616911353
 0.11570514783893593
 0.11717815685406838
 0.11861788509019092
 0.12002345321046287
 0.12139409997076046
 0.12272917190587823
 0.12402811353009535
 0.12529045812578482
 0.12651581914436863
 0.12770388221122425
 0.12885439770267074
 0.12996717384873854
 0.1310420703050994
 0.13207899213662244
 0.13307788415083946
 0.13403872552499624
 0.13496152467162784
 0.13584631429262797
 0.13669314657727438
 0.13750208850432766
 0.13827321721342575
 0.13900661541628903
 0.13970236682158349
 0.14036055155285868
 0.14098124154060146
 0.14156449587375958
 0.14211035609733913
 0.14261884144545389
 0.143089943999474
 0.14352362376243619
 0.14391980364128534
 0.14427836432826274
 0.14459913907178459
 0.14488190832860182
 0.14512639428561847
 0.1453322552403486
 0.14549907982713234
 0.1456263810748166
 0.14571359028011491
 0.14576005067902315
 0.14576501089724472
 0.14572761815814619
 0.14564691122535692
 0.14552181305439565
 0.14535112312590701
 0.14513350942964023
 0.1448675000654738
 0.14455147442291977
 0.14418365389428275
 0.14376209224798805
 0.14136846903024372
 0.1427563470870635
 0.14216062753021685
 0.14150366710678566
 0.14078034882510246
 0.13998553288865395
 0.13911779467965288
 0.13817344986153468
 0.13714855936410472
 0.1360388863333129
 0.13483996522188088
 0.1335471032240349
 0.13215546440932197
 0.12985777241572391
 0.63287854860809578
 0.62818497214876134
 0.62410204725877849
 0.62052151657349808
 0.61735852753974008
 0.61454607496300206
 0.6120308504181694
 0.60977002776473754
 0.60772883674364009
 0.60587874629064564
 0.60419610349758035
 0.60266110856960375
 0.60125703684179999
 0.59996964295840371
 0.59878670017407853
 0.59769764064226216
 0.596693271838591
 0.59576555088580674
 0.59490740333505221
 0.59411257676004769
 0.59337557355614046
 0.59269282919300481
 0.5920717475259446
 0.59162417130816247
 0.5924696945688559
 0.59336986070974818
 0.59300162142808954
 0.59254972176839604
 0.59212436591121165
 0.59172374049677678
 0.59133962725288602
 0.5909536909489771
 0.59066715383930046
 0.5905362986160454
 0.59056306812417969
 0.59256829659570831
 0.59298954995591546
 0.59268475796891096
 0.59236877645597719
 0.59207387517675603
 0.59179564737689616
 0.59153110458325797
 0.59131764546882293
 0.591251928815689
 0.59115907902098408
 0.59118711972576932
 0.59147317860110293
 0.59179368440144309
 0.5919056128338589
 0.5919354423374692
 0.59194373834586667
 0.59193087112757958
 0.59191318643928226
 0.59190821549372874
 0.59189642998396241
 0.59186963989290919
 0.59185185608535074
 0.59185497404050735
 0.59185077923097495
 0.59182415322414361
 0.5917922064600547
 0.5917895550048049
 0.59182110788178699
 0.59184581920806723
 0.59184474898704109
 0.59182307947484392
 0.59179684615135775
 0.59179188287491535
 0.59182531156745422
 0.59186483048243677
 0.59187487266945626
 0.59186339454156511
 0.59184552902723886
 0.59182691067142201
 0.59180845594688614
 0.5917914028819522
 0.59177332595724219
 0.59174968815760964
 0.59172060199429122
 0.59168556210798651
 0.59164205534710046
 0.59159322706477246
 0.59154430434250982
 0.5914977864965576
 0.59145419315334424
 0.59141342341091852
 0.59137527921412747
 0.59335250622356916
 0.59130557218968016
 0.59127427079089678
 0.59124510790264628
 0.5912178951268785
 0.59119250083880759
 0.59116881794805387
 0.59114675078771661
 0.59112621086294093
 0.5911071154068126
 0.59108938675319211
 0.59107295194007048
 0.59105774239463504
 0.59104369364906439
 0.59103074508396047
 0.5910188396868129
 0.59100792382877909
 0.59099794705696784
 0.59098886190177535
 0.59098062369716431
 0.59097319041303953
 0.59096652249912274
 0.59096058274070207
 0.59095533612184536
 0.59095074970014572
 0.59094679248678161
 0.5909434353383145
 0.59094065085184999
 0.59093841326956997
 0.59093669838746099
 0.59093548347117064
 0.59093474717729633
 0.59093446947734274
 0.59093463158917126
 0.59093521591146214
 0.59093620596132035
 0.5909375863181382
 0.59093934256688863
 0.59094146124922287
 0.59094392981356025
 0.5909467365710499
 0.5909498706522216
 0.59095332196612727
 0.59095708116346501
 0.59096113959971353
 0.59096548930178638
 0.59097012293535556
 0.59097503377459659
 0.59098021567367121
 0.59098566303911959
 0.59099137080336706
 0.5909973344009134
 0.59100354974454827
 0.59101001320209745
 0.59101672157577567
 0.59102367208149909
 0.59103086232919078
 0.59103829030342114
 0.59104595434523255
 0.59105385313496839
 0.59106198567494839
 0.59107035127238361
 0.59107894952369566
 0.59108778029855769
 0.59109684372413351
 0.59110614016992125
 0.59111567023220424
 0.59112543471946177
 0.59113543463745577
 0.59114567117294403
 0.59115614567983876
 0.59116685966349292
 0.59117781476516329
 0.591189012745579
 0.59120045546950251
 0.59121214488947416
 0.59122408302764662
 0.5912362719591725
 0.59124871379268007
 0.59126141065299798
 0.59127436465998151
 0.59128757790849229
 0.59130105244629572
 0.59131479025208988
 0.59132879321075071
 0.59134306308939311
 0.59135760150945205
 0.59137240992020434
 0.59138748956826581
 0.59140284146742705
 0.5914184663637696
 0.59143436470327293
 0.591450536592807
 0.59146698176209944
 0.59148369952112112
 0.59150068871629269
 0.59151794768471333
 0.59153547420259978
 0.59155326543386932
 0.59157131787425177
 0.59158962729088793
 0.59160818866098663
 0.59162699610438585
 0.59164604281296995
 0.59166532097699509
 0.59168482170643477
 0.59170453494878283
 0.59172444940245261
 0.59174455242788226
 0.59176482995525514
 0.5917852663906602
 0.59180584452383844
 0.59182654543594104
 0.59184734841938202
 0.59186823090628782
 0.59188916851020756
 0.58987810314652422
 0.59193078184662717
 0.59195167337325516
 0.5919724923279337
 0.59199319819498553
 0.59201374753994063
 0.59203409359371795
 0.59205418594294557
 0.59207397022874719
 0.59209338784434506
 0.59211237562863039
 0.59213086554907035
 0.59214878437360108
 0.59216605332548611
 0.59218258772318166
 0.59219829659814405
 0.59221308229634162
 0.59222684005322879
 0.59223945754708529
 0.59225081442730187
 0.59226078181479413
 0.5922692217752541
 0.59227598676105331
 0.59228091902306723
 0.59228384998667194
 0.59228459959323787
 0.59228297560208221
 0.59227877284637442
 0.59227177243219276
 0.59226174084908612
 0.59224842893848084
 0.59223157059442866
 0.59221088101595876
 0.59218605428933679
 0.59215676023017527
 0.59212264089658784
 0.59208330805572829
 0.59203834383449994
 0.59198730746427086
 0.59192975107438928
 0.59186524481482683
 0.59179340133202374
 0.59171387881647408
 0.59162636199724972
 0.59153066005297317
 0.59142900084718408
 0.59135460215599722
 0.59147554898924315
 0.59149081302944417
 0.59136087336654442
 0.59130663525908866
 0.59182632089612064
 0.59239781406535519
 0.59230286836365376
 0.59203104053602662
 0.59173360136957087
 0.59145152844628857
 0.59156457151256692
 0.59282694364878952
 0.59291851358763403
 0.59251521685779052
 0.59205780002419195
 0.59157473541655492
 0.5910904722338115
 0.59078172219430036
 0.59088696734441803
 0.59163042319610348
 0.59219176535137941
 0.59194449739184685
 0.59180585609291669
 0.59208957132050077
 0.59191323252689632
 0.5913158547952726
 0.59188266691950453
 0.59184089486404501
 0.59188064572530863
 0.59187387788779233
 0.59185543681360997
 0.59182196534125908
 0.5917876009597004
 0.59174614170443507
 0.59173779228044021
 0.59166952854238553
 0.5914561267393218
 0.59211786255539955
 0.59538990313854312
 0.59262273117779563
 0.58963890356834336
