# Created by Octave 5.2.0, Sat Sep 05 05:29:14 2020 CEST <tkanas@tkanas>
# name: p
# type: matrix
# rows: 401
# columns: 1
 0.069810037521214591
 0.069912985383678142
 0.069816524379772427
 0.069892095095160492
 0.069910735341571995
 0.069929365257870732
 0.069947962359778404
 0.069966500150817817
 0.069984949376299191
 0.070070098547719784
 0.070022663548937422
 0.070040646202342224
 0.070058413186055726
 0.070075934776572021
 0.07009318273383161
 0.070110130525880651
 0.070126753463699232
 0.070143028763407222
 0.070158935551617313
 0.07017445482793952
 0.070189569396530815
 0.070204263776646805
 0.070218524100153293
 0.070232338002239089
 0.070245694510010975
 0.070258583932404722
 0.070270997753699813
 0.070282928532188926
 0.070294369804777157
 0.070305315997904225
 0.070316083176792638
 0.070327531601397444
 0.070338599588255585
 0.070349286081792639
 0.070359590504413552
 0.070369512705531836
 0.070379052913923004
 0.070295398573343978
 0.070396416456040389
 0.070404840422286438
 0.070410844155898003
 0.070416556740179978
 0.070421979337035187
 0.070424259819115667
 0.070423829457601977
 0.070423373166267081
 0.070422890727688009
 0.070422381919543281
 0.070421846513350733
 0.070421284273191748
 0.070420694954421922
 0.070420078302402836
 0.070419434051209762
 0.070418761922347972
 0.070418061623450032
 0.070417332846979652
 0.070416575268923753
 0.070415788547456878
 0.070414972321628508
 0.070414126209998193
 0.07041324980926604
 0.070412342692899185
 0.07041140440970399
 0.070410434482391482
 0.070409432406099509
 0.070408397646883128
 0.070407329640159541
 0.070406227789110501
 0.070405091463026828
 0.07040391999560508
 0.070402956243312137
 0.070402956243312137
 0.070402956243312137
 0.070402956243312137
 0.070402956243312137
 0.070402956243312137
 0.070402956243312137
 0.070402956243312137
 0.070402956243312137
 0.070493627179632409
 0.070580873122188248
 0.070580692672680578
 0.07058049662242287
 0.070580284183231728
 0.070575269031079926
 0.070567842191883889
 0.070559848594657429
 0.070547358333280102
 0.070533924521088809
 0.070519520399047006
 0.070504091276035213
 0.070487579062532307
 0.070469922360571646
 0.070451056801061132
 0.070430915844861885
 0.070409388078295151
 0.59336760496834606
 0.59336760496834606
 0.59336760496834606
 0.59336760496834606
 0.59336760496834606
 0.59336760496834606
 0.59336760496834606
 0.59336760496834606
 0.59336760496834606
 0.59336760496834606
 0.59336760496834606
 0.59336760496834606
 0.59336760496834606
 0.59336760496834606
 0.59336760496834606
 0.59336760496834606
 0.59336760496834606
 0.59336760496834606
 0.59336760496834606
 0.59336760496834606
 0.59336760496834606
 0.59336760496834606
 0.59336760496834606
 0.59336760496834606
 0.59336760496834606
 0.59336760496834606
 0.59336760496834606
 0.59336760496834606
 0.59336760496834606
 0.59336760496834606
 0.59336760496834606
 0.59336760496834606
 0.59336760496834606
 0.59336760496834606
 0.59336760496834606
 0.59336760496834606
 0.59336760496834606
 0.59336760496834606
 0.59336760496834606
 0.59336760496834606
 0.59336760496834606
 0.59336760496834606
 0.59336760496834606
 0.59336760496834606
 0.59336760496834606
 0.59336760496834606
 0.59336760496834606
 0.59336760496834606
 0.59336760496834606
 0.59336760496834606
 0.59336760496834606
 0.59336760496834606
 0.59336760496834606
 0.59336760496834606
 0.59336760496834606
 0.59336760496834606
 0.59336760496834606
 0.59336760496834606
 0.59336760496834606
 0.59336760496834606
 0.59336760496834606
 0.59336760496834606
 0.59336760496834606
 0.59336760496834606
 0.59336760496834606
 0.59336760496834606
 0.59336760496834606
 0.59336760496834606
 0.59336760496834606
 0.59336760496834606
 0.59336659990707186
 0.59336558368857917
 0.59336455531636911
 0.59336351381409158
 0.59336245822348022
 0.59336138760239099
 0.59336030102293891
 0.59335919756972821
 0.59335807633816273
 0.59335693643283982
 0.59335577696601371
 0.59335459705612903
 0.59335339582641611
 0.59335217240354488
 0.59335092591633343
 0.5933496554945068
 0.59334836026750137
 0.59334703936331379
 0.5933456919073884
 0.59334431702154133
 0.59334291382292004
 0.59334148142299159
 0.59334001892656141
 0.59333852543081622
 0.59333700002439349
 0.59333544178646913
 0.59333384978586812
 0.59333222308018985
 0.59333056071495227
 0.59332886172274746
 0.59332712512241093
 0.59332534991820207
 0.59332353509899316
 0.59332167963746751
 0.59331978248932238
 0.59331784259247899
 0.59331585886629545
 0.59331383021078243
 0.59331175550582183
 0.59330963361038436
 0.59330746336174733
 0.59330524357471148
 0.59330297304081347
 0.593300650527537
 0.59329827477751773
 0.5932958445077442
 0.59329335840875153
 0.59329081514380722
 0.59328821334809201
 0.59328555162786778
 0.59328282855963888
 0.59328004268930201
 0.59327719253128386
 0.59327427656766896
 0.5932712932473122
 0.59326824098493947
 0.59326511816023308
 0.59326192311690329
 0.59325865416174139
 0.59325530956365957
 0.59325188755271063
 0.59324838631909071
 0.59324480401212365
 0.59324113873922446
 0.59323738856484365
 0.59323355150938861
 0.59322962554812575
 0.59322560861005702
 0.59322149857677442
 0.59321729328129102
 0.59321299050684417
 0.59320858798567577
 0.59320408339778286
 0.59319947436964338
 0.5931947584729107
 0.59318993322308111
 0.59318499607812847
 0.59317994443711053
 0.5931747756387401
 0.59316938426224808
 0.59316386783711217
 0.5931582234570103
 0.59315033798612338
 0.5931420251200118
 0.59313351937389891
 0.59312481626074087
 0.59311591118861828
 0.59310679945819156
 0.59309747626012677
 0.59308793667240267
 0.59307817565756504
 0.59306818805996686
 0.59305796860284243
 0.59304751188541249
 0.59303681237983097
 0.59302586442811345
 0.59301466223894761
 0.59300319988445094
 0.59299147129685426
 0.59297947026502795
 0.59296719043099511
 0.59295462528639464
 0.59294176816866162
 0.59292861225732563
 0.59291515057009903
 0.59290078453846606
 0.59288608446054458
 0.59287104251805989
 0.59285565070630142
 0.59283990082951477
 0.59282378449619555
 0.59280729311408897
 0.59279041788521469
 0.59277314980070683
 0.59275547963539377
 0.59273739794247071
 0.5927188950477571
 0.59269996104402878
 0.59268058578496541
 0.59266075887908387
 0.59264046968353623
 0.59261970729749158
 0.59259846055564058
 0.59257671802123391
 0.59255446797904276
 0.59253169842822984
 0.59250839707471525
 0.59248455132356714
 0.59246014827113547
 0.59243517469675888
 0.59240961705449613
 0.59238346146435328
 0.59235669370342559
 0.59232929919664057
 0.5923012630073301
 0.59227256982729914
 0.59224320396693075
 0.59221314934457403
 0.59218238947590107
 0.59215090746277499
 0.59211868598171347
 0.59208570727221355
 0.59205195312428005
 0.59201740486591703
 0.59198204335015403
 0.59195349748107184
 0.59195331460034228
 0.59195312575882431
 0.59195293074223265
 0.59195272932526655
 0.59195252127127274
 0.59195230633186868
 0.59195208424626222
 0.5919518547406466
 0.59195161752765291
 0.59195137230557349
 0.5919511187576888
 0.59195085655136415
 0.59195058533769207
 0.5919503047498561
 0.59195001440302897
 0.59194971389296192
 0.59194940279495034
 0.59194908066305452
 0.59194874702858491
 0.59194840139921556
 0.59194804325752282
 0.59194767205989152
 0.59194728723475531
 0.59194688818127972
 0.59194647426777258
 0.59194604482996604
 0.59194559916935774
 0.59194513655124303
 0.59194465620262893
 0.59194415731037242
 0.59194363901895264
 0.59194310042812104
 0.59194254059027773
 0.59194195850852382
 0.59194135313348351
 0.59194072336105796
 0.59194006802932775
 0.59193938591620754
 0.59193867573661374
 0.59193793614034551
 0.59193716570942689
 0.5919363629572898
 0.5919355263273981
 0.59193465419386937
 0.59193374486402928
 0.59193279658190301
 0.59193180753673635
 0.59193077587403975
 0.59192969971281872
 0.59192857717024128
 0.59192740639505315
 0.59192618561238952
 0.59192491318532214
 0.591923587691916
 0.59192220802810502
 0.59192077353679551
 0.59191928417180273
 0.59191774070308101
 0.59191614497026057
