# Created by Octave 5.2.0, Sat Sep 05 02:12:34 2020 CEST <tkanas@tkanas>
# name: p
# type: matrix
# rows: 401
# columns: 1
 1.9885484750142309e-16
 1.0396982120405274e-15
 5.8794199450391267e-16
 1.292103679693051e-18
 1.4989994178493303e-16
 9.892251421827436e-16
 3.1531717718752912e-16
 0
 1.7595381403065073e-15
 1.4449366321309789e-15
 0.0086335862598626439
 0.27676610249314182
 0.45527254220279051
 0.56902776188860127
 0.63766313675818631
 0.67557615458476472
 0.69297210745210458
 0.69678911123199816
 0.69144613126114651
 0.67940633261135597
 0.66157130028262878
 0.63752912335444756
 0.60567858852554413
 0.56324686053357709
 0.50621177626463143
 0.42913232757237368
 0.32488221271024231
 0.1842726113443002
 6.9282761101669211e-19
 1.649187307936316e-15
 3.1962309005268698e-16
 7.2940130634796558e-15
 2.7477593368726166e-15
 1.6826893733023876e-15
 2.7282265278514738e-15
 3.7457754561512328e-15
 1.5629484150809347e-15
 1.9363686827556179e-15
 3.0880529012186099e-15
 2.2883970745641597e-16
 1.5404964812504979e-15
 6.1982673962311091e-16
 0
 2.4357891482840363e-16
 3.3868774216268125e-16
 5.252097586369019e-17
 3.8646218266957692e-16
 0
 1.1560185102552411e-20
 3.1698513241473808e-16
 7.6413323041563845e-17
 5.9109631502237146e-16
 4.0955464569828722e-16
 0
 5.4925860595377063e-16
 3.514288847518552e-16
 9.8309595191541825e-16
 1.871835698712557e-17
 2.9292092978616863e-15
 6.9082958985128266e-17
 1.6218692268026393e-16
 2.983745802596441e-15
 1.1723417773262568e-16
 3.3109227520691359e-16
 1.4098808999453112e-15
 5.0333991930459488e-16
 1.8803675442487917e-15
 1.2297888978199876e-16
 1.7118540953680344e-15
 4.9342115202480787e-16
 2.3545045633421176e-15
 1.4257434186926756e-15
 3.9538407495289454e-17
 4.1431381944482289e-17
 2.3699854347198231e-15
 2.7454375479318973e-15
 1.3262220345679035e-15
 2.5159538055069984e-15
 4.82477913715183e-15
 3.4929929582826658e-19
 1.0352260673294451
 0.59142298124315307
 0.59189787731979426
 0.59172251760009753
 0.59180657901914968
 0.59173537894102102
 0.59177841876998016
 0.59176130888908518
 0.59177976758374462
 0.59177863917078122
 0.59176085271521039
 0.59177005459663645
 0.5918134678188488
 0.59171700943025407
 0.59184965906902798
 0.59171684548744441
 0.59182342576021618
 0.59176404990407838
 0.59179276458772256
 0.59180052474793854
 0.59175564683658433
 0.59181000233994741
 0.59176125896905951
 0.59181846427916796
 0.59178899526962669
 0.59177670138077365
 0.59178055556950704
 0.5917959131698276
 0.59182058701310902
 0.59176950023343056
 0.59181813805612271
 0.591799950286377
 0.59177788671705622
 0.59181368298935921
 0.591785713595394
 0.59181541326816989
 0.59180292487702879
 0.59178905343552091
 0.5918129115804206
 0.59181074862309757
 0.59181272826293885
 0.59177103804662134
 0.59182975412043792
 0.59182159501672416
 0.59176468667598514
 0.59182677406122397
 0.59183899906734139
 0.59178854282762161
 0.5917872388845945
 0.59178448499180414
 0.59181319987026693
 0.59181960069575301
 0.59181301792409469
 0.59182953443091535
 0.59180506220850548
 0.5917377322309082
 0.59184725718262277
 0.59183207163554574
 0.59174392701450773
 0.59186090549093573
 0.59184547461425252
 0.5917459162854104
 0.59185145659505123
 0.59187016321430785
 0.59169175560539966
 0.59181103586768802
 0.59190711313062283
 0.5917655494091888
 0.59181272853287503
 0.59180872520489147
 0.5918283670919996
 0.59179888648780288
 0.59173976488979962
 0.5918388031067694
 0.59188944725515868
 0.59179693239442044
 0.59176170627498126
 0.59180736229011888
 0.59182863411891595
 0.59182516394310436
 0.59181855259836258
 0.5918151071318678
 0.59180971613170474
 0.59180350984321251
 0.59179945812183965
 0.59181160708025915
 0.59178632000618836
 0.5917903602636605
 0.59184810322958104
 0.5918739115101026
 0.59182636276261424
 0.59176201845236198
 0.59176714242259276
 0.59182915641422262
 0.59185416636784605
 0.59181594989485253
 0.59179795592409223
 0.59180575741692776
 0.59180492990019395
 0.59181199948023733
 0.59180542952833226
 0.5918236410915042
 0.59182489226803081
 0.59182116325994438
 0.59182224339297018
 0.5918181015907571
 0.59180643699386692
 0.59179509594768631
 0.5917948559097792
 0.5918044603979129
 0.59182156041182266
 0.59183093657052255
 0.59182898324617572
 0.59181570266903327
 0.59179593172910805
 0.5917904936074202
 0.59180442442723691
 0.59180054534069204
 0.59184299550739972
 0.59185395630736337
 0.5917767131146211
 0.59181049346031223
 0.5918362135692562
 0.59178936145109062
 0.59180853729813032
 0.5918435638674473
 0.59178995664156619
 0.59179840776423054
 0.5918613553370452
 0.5917824191848795
 0.59174777967744008
 0.59188435876211953
 0.59183383755168595
 0.59174678020377325
 0.59188853796645602
 0.59172741667715489
 0.59184575914847781
 0.5918869317228207
 0.59176536930947043
 0.59173180143439597
 0.59187520502892421
 0.59184999880779154
 0.59177794076988521
 0.59182330682936468
 0.59184405238034155
 0.59178869922277588
 0.59177672610985854
 0.59182077639153774
 0.59183903288212947
 0.59184869231263348
 0.59181763270711341
 0.59176964542411525
 0.5917654147901974
 0.59180415279642096
 0.59184855627748478
 0.59181776440427458
 0.59181777413976633
 0.59180530290415867
 0.5918329447280829
 0.59182718792004274
 0.59180612969515245
 0.59179171285523324
 0.59179620294708379
 0.59181965189075347
 0.59184250962385476
 0.5918408587330064
 0.59182021417182529
 0.59179733367546949
 0.5917859065582064
 0.59179462723894671
 0.59181683754065006
 0.59182916244648054
 0.59182372936106498
 0.59181114239834143
 0.59180666058848852
 0.59180882287737058
 0.5918154174624114
 0.59181296882869905
 0.5918093856033757
 0.59181169945625201
 0.59181897725906041
 0.59181475092827029
 0.5918043480922941
 0.59180497302229518
 0.59181581540107908
 0.59182608239799639
 0.59182695451508183
 0.59181740338627598
 0.59180359237787339
 0.59179462482035972
 0.59179991332825299
 0.59182572418596602
 0.5918362998203498
 0.59177127792041551
 0.59178481364875801
 0.59190565999506917
 0.59181759454243998
 0.59174195726695911
 0.59180569667267524
 0.59185964050529394
 0.59182319166211694
 0.59178222708224715
 0.59181703838433175
 0.59182463566337429
 0.59178826182677446
 0.5918065742216988
 0.59184455689542548
 0.59184828401962242
 0.59180090618299119
 0.59175052409401707
 0.59178774611306961
 0.59186639190134427
 0.59186910577281204
 0.59179090782337307
 0.5917567869837006
 0.59182097407686785
 0.5918580962474641
 0.59180886168860825
 0.59176499148212824
 0.59179426642767285
 0.59185350375993862
 0.59186256600296006
 0.59181511331153469
 0.59177290745895805
 0.59178023140552993
 0.59181435070578281
 0.59183703876550031
 0.59183305728812285
 0.59180917704682412
 0.59179280865045203
 0.59180694918055543
 0.59183689221021296
 0.59184092339755079
 0.5918032763412292
 0.59176637887705319
 0.59179805032378052
 0.59184413543485925
 0.5918224488556717
 0.59180088449697654
 0.59183164176252512
 0.59183985308535891
 0.59180316096043162
 0.59178070262842686
 0.59180208713554328
 0.59183130790716476
 0.59184317939914521
 0.59181158176948379
 0.59178113244496411
 0.59184801293200384
 0.59178612708730838
 0.59179949179824909
 0.59184142065098699
 0.59180172839911316
 0.59180489941533321
 0.59184816013026853
 0.59179656631068001
 0.5917756244560205
 0.59183228764686924
 0.59187394613237443
 0.5918123568622895
 0.591757587577039
 0.59181959781297266
 0.59185044124702069
 0.59180031412514089
 0.59180161605657067
 0.59184492539396205
 0.59183144595550008
 0.59179623320879937
 0.5917879498841484
 0.59180398628330388
 0.59183974745519996
 0.59185645505019147
 0.5918135391455106
 0.59177486813177804
 0.59180636172682355
 0.59184396918566251
 0.59182618227503192
 0.59180042418860657
 0.59181835260175264
 0.59183491430492541
 0.59180796125789792
 0.59178403756785247
 0.59183186784042308
 0.59186055789217928
 0.59181311643123491
 0.59178464656661911
 0.59182758452906514
 0.59185635777529599
 0.59180249611109204
 0.59180855844608238
 0.59183299775363929
 0.59182557523366464
