# Created by Octave 5.2.0, Sat Sep 05 06:10:20 2020 CEST <tkanas@tkanas>
# name: p
# type: matrix
# rows: 301
# columns: 1
 0.29446175505074829
 0.60094356665071391
 0.61932337709925178
 0.63827643785337529
 0.65779320156920751
 0.67785122424366318
 0.69841655136767222
 0.7194453268690405
 0.74088548697890666
 0.76267844210463021
 0.78476068416923939
 0.80706528325672777
 0.82952325602594656
 0.85206480034252119
 0.87462039737211383
 0.8971217854476905
 0.91950281071776674
 0.94170015905275006
 0.96365397282923448
 0.98530835563471519
 1.0066117679514119
 1.0275173175459591
 1.0479829494820785
 1.0679715421518041
 1.0874509172278137
 1.1063937727493753
 1.1247775495091152
 1.1425842414286143
 1.1598001606877273
 1.1764156680502986
 1.1924248781818143
 1.2078253488724549
 1.2226177620487655
 1.2368056033570995
 1.2503948459947885
 1.2633936433987363
 1.2758120344086945
 1.287661663623862
 1.2989555188780038
 1.3097076870725419
 1.3199331290267682
 1.3296474735234187
 1.3388668303383906
 1.3476076217355957
 1.355886431671933
 1.3637198717838757
 1.371124463105919
 1.3781165323940585
 1.3847121218861598
 1.3909269113180385
 1.3967761510218775
 1.4022746049543147
 1.408186410779666
 1.4162447756949232
 1.4214322544409879
 1.4260230145176858
 1.4303558864955974
 1.4344440989879756
 1.4383003560916841
 1.4419368383270716
 1.4453652067593468
 1.4485966098018856
 1.4516416922556534
 1.4545106061878554
 1.457213023299019
 1.4597581484693181
 1.4621547342134955
 1.4644110958078893
 1.4665351268852516
 1.468534315320259
 1.4704157592548515
 1.4721861831342509
 1.4738519536451946
 1.4754190954651309
 1.4768933067471599
 1.4782799742790793
 1.4795841882669518
 1.4808107567040187
 1.4819642192951001
 1.4830488609143619
 1.4840687245810045
 1.4850276239434961
 1.4859291552676075
 1.4867767089279051
 1.4875734804057039
 1.4883224807994841
 1.4890265468560313
 1.4896883505327621
 1.4903104081028866
 1.4908950888165855
 1.491444623132141
 1.4919611105316493
 1.4924465269364569
 1.4929027317376651
 1.4933314744572113
 1.4937344010550155
 1.4941130598975649
 1.4944689074030986
 1.4948033133782588
 1.495117566061986
 2.2432580694950692
 2.9918944615973513
 2.9928460337099039
 2.9936862903107029
 2.9944282404240585
 2.995083377999058
 2.9956618568398214
 2.9961726457213396
 2.9966236658460499
 2.9970219125790001
 2.9973735632039782
 2.9976840722637323
 2.9979582558828883
 2.998200366321861
 2.9984141578754429
 2.998602945105969
 2.9987696542930409
 2.9989168688815435
 2.9990468696211803
 2.9991616700140367
 2.9992630476144022
 2.9993525716637062
 2.9994316274875894
 2.9995014380325795
 2.9995630828767785
 2.9996175150092275
 2.9996655756391015
 2.9997080072649172
 2.9997454652073512
 2.999778527785057
 2.9998077052922754
 2.9998334479179491
 2.9998561527299152
 2.9998761698329108
 2.9998938077964952
 2.9999093384374556
 2.9999230010311355
 2.9999350060175187
 2.9999455382595892
 2.9999547599048788
 2.9999628128946334
 2.9999698211598287
 2.9999758925380569
 2.9999811204412685
 2.9999855853002022
 2.999989355808057
 2.9999924899827097
 2.9999950360640733
 2.9999970332605379
 2.9999985123560955
 2.9999994961876468
 3
 3
 2.9999995919014819
 2.9999986740998597
 2.9999972644149722
 2.9999953414626397
 2.9999928760146326
 2.9999898305544885
 2.9999861587065504
 2.9999818045292646
 2.9999767016622774
 2.9999707723139402
 2.999963926074126
 2.9999560585339191
 2.9999470496912357
 2.9999367621178785
 2.9999250388600576
 2.9999117010401424
 2.9998965451230331
 2.9998793398051138
 2.9998598224783422
 2.9998376952150045
 2.999812620211959
 2.9997842146241189
 2.9997520447082273
 2.999715619187044
 2.9996743817320124
 2.9996277024491986
 2.9995748682380241
 2.9995150718736321
 2.9994473996473436
 2.9993708173731783
 2.9992841545467863
 2.9991860864127657
 2.9990751136649552
 2.9989495394673678
 2.9988074434424408
 2.9986466522262578
 2.9984647061378005
 2.9982588214487476
 2.9980258476731678
 2.997762219218858
 2.9974639006554171
 2.9971263247554991
 2.9967443223535719
 2.9963120429405947
 2.9958228647692198
 2.9952692930821838
 2.9946428448909148
 2.2455460739038058
 1.4967756891644757
 1.4965691180093652
 1.4963493661157943
 1.4961155917658755
 1.4958668994335196
 1.4956023363402831
 1.4953208887907345
 1.4950214782728408
 1.4947029573084196
 1.494364105037417
 1.4940036225191136
 1.4936201277319141
 1.4932121502524287
 1.4927781255932155
 1.4923163891772715
 1.4918251699258827
 1.4913025834349785
 1.4907466247135954
 1.4901551604562111
 1.4895259208190061
 1.4888564906681592
 1.488144300266137
 1.4873866153599606
 1.4865805266327716
 1.4857229384778776
 1.4848105570515713
 1.4838398775583346
 1.4828071707189556
 1.4817084683689807
 1.4805395481314161
 1.4792959171041398
 1.4779727944984036
 1.4765650931609282
 1.4750673999075816
 1.4734739545920599
 1.4717786278279277
 1.4699748972772693
 1.4680558224134124
 1.4660140176593139
 1.4638416237968104
 1.4615302775350647
 1.4590710791194967
 1.4564545578545762
 1.4536706354058295
 1.4507085867376197
 1.4475569985339398
 1.4442037249396285
 1.4406358404488169
 1.4368395897562227
 1.4328003343749205
 1.4285024958115167
 1.4239294950760422
 1.419063688289502
 1.4138862981365088
 1.4083773408941731
 1.4025155487508518
 1.3962782871098065
 1.3896414665529748
 1.3825794491190004
 1.3750649485270974
 1.367068923954468
 1.3585604669493869
 1.3495066810349201
 1.3398725535292964
 1.3296208190780423
 1.3187118143601513
 1.3071033233955585
 1.2947504128437815
 1.281605256643948
 1.2676169493039786
 1.2527313071015636
 1.2368906564115536
 1.220033608323013
 1.2020948186547074
 1.1830047324194781
 1.1626893117260761
 1.1410697460408608
 1.1180621436614075
 1.0935772031790651
 1.0675198636275933
 1.0397889319299927
 1.0102766861653205
 0.97886845308174986
 0.94544215818213351
 0.90986784660643194
 0.87200717293836716
 0.83171285798961059
 0.78882811060966129
 0.74318601274973906
 0.69460886666804134
 0.64290750504140959
 0.58788056970663327
 0.52931377747910757
 0.46697922377803058
 0.40063485629318263
 0.33002445630504562
 0.25487898233481454
 0.17492143211703121
 0.089880653460343421
 0.015583960416417337


