# Created by Octave 5.2.0, Fri Sep 04 05:24:49 2020 CEST <tkanas@tkanas>
# name: p
# type: matrix
# rows: 401
# columns: 1
 0
 0
 0
 0
 0
 0
 0
 0
 0
 0
 0
 0
 0
 0
 0
 0
 0
 0
 0
 0
 0
 0
 0
 0
 0
 0
 0
 0
 0
 0
 0
 0
 0
 0
 0
 0
 0
 0
 0
 0
 0
 0
 0
 0
 0
 0
 0
 0
 0
 0
 0
 0.35469908351260382
 0.35469908351260382
 0.35469908351260382
 0
 0
 0
 0
 0
 0
 0
 0
 0
 0
 0
 0
 0
 0
 0
 0
 0
 0
 0
 0
 0
 0
 0
 0
 0
 0
 0
 0
 0.92930107945117257
 0.92930107945117257
 0.92930107945117257
 0.92930107945117257
 0.92930107945117257
 0.81618890253999743
 0.81618890253999743
 0.69824008701208062
 0.69824008701208062
 0.69814700399361007
 0.69814700399361007
 0.69805391808681094
 0.69805391808681094
 0.57460199593856875
 0.57460199593856887
 0.57460199593856875
 0.57460199593856875
 0.57460199593856875
 0.57460199593856875
 0.57460199593856875
 0.57460199593856875
 0.57460199593856875
 0.57460199593856875
 0.57460199593856875
 0.57460199593856875
 0.57460199593856875
 0.57460199593856875
 0.57460199593856875
 0.57460199593856875
 0.57460199593856875
 0.57460199593856875
 0.57460199593856875
 0.68771417284974401
 0.68771417284974401
 0.68771417284974401
 0.68771417284974401
 0.68771417284974401
 0.92930107945117257
 0.92930107945117257
 0
 0
 0
 0
 0
 0
 0
 0
 0
 0
 0
 0
 0
 0
 0
 0
 0
 0
 0
 0
 0
 0
 0
 0
 0
 0
 0.35469908351260382
 0.35469908351260382
 0.35469908351260382
 0.35469908351260382
 0.35469908351260382
 0.35469908351260382
 0.35469908351260382
 0.35469908351260382
 0.35469908351260382
 0.35469908351260382
 0.35469908351260382
 0.35469908351260382
 0.35469908351260382
 0.35469908351260382
 0.35469908351260382
 0.35469908351260382
 0.35469908351260382
 0.35469908351260382
 0.35469908351260382
 0.35469908351260382
 0.35469908351260382
 0.35469908351260382
 0
 0
 0
 0.92930107945117257
 0
 0
 0
 0
 0
 0
 0
 0
 0
 0
 0
 0
 0
 0
 0
 0
 0
 0
 0.40351232533062387
 0.40351232533062387
 0.40351232533062387
 0.40351232533062387
 0.29040014841944856
 0.29040014841944856
 0.29040014841944856
 0.29040014841944856
 0.048906324836490572
 0.048813241818020103
 0.048813241818020103
 0.048813241818020103
 0.048813241818020103
 0.048813241818020103
 0.048813241818020103
 0.048813241818020103
 0.048813241818020103
 0.048813241818020103
 0.048813241818020103
 0.048813241818020103
 0.048813241818020103
 0.048813241818020103
 0.048813241818020103
 0.048813241818020103
 0.048813241818020103
 0.048813241818020103
 0.048813241818020103
 0.048813241818020103
 0.048813241818020103
 0.048813241818020103
 0.048813241818020103
 0.048813241818020103
 0.048813241818020103
 0.048813241818020103
 0.048813241818020103
 0.048813241818020103
 0.048813241818020103
 0.048813241818020103
 0.048813241818020103
 0.048813241818020103
 0.048813241818020103
 0.048813241818020103
 0.29040014841944856
 0.29040014841944856
 0.29040014841944856
 0.29040014841944856
 0.40351232533062387
 0.40351232533062387
 0.40351232533062387
 0.40351232533062387
 0
 0
 0
 0
 0
 0
 0
 0
 0
 0
 0
 0
 0.24158690660142859
 0.24158690660142856
 0.24158690660142856
 0.24158690660142856
 0
 0
 0
 0
 0
 0
 0
 0
 0
 0
 0
 0
 0
 0
 0
 0
 0
 0
 0
 0
 0
 0
 0
 0
 0
 0
 0
 0
 0
 0.92930107945117257
 0.92930107945117257
 0
 0.92930107945117257
 0.92930107945117257
 0.92930107945117257
 0.92930107945117257
 0.92930107945117257
 0.92930107945117257
 0.92930107945117257
 0.8804878376331523
 0.8804878376331523
 0.8804878376331523
 0.8804878376331523
 0.8804878376331523
 0.8804878376331523
 0.8804878376331523
 0.8804878376331523
 0.8804878376331523
 0.8804878376331523
 0.8804878376331523
 0.8804878376331523
 0.8804878376331523
 0.8804878376331523
 0.8804878376331523
 0.8804878376331523
 0.75749557044901605
 0.75749557044901605
 0.75718911730735339
 0.75694282957811121
 0.75694282957811121
 0.75694282957811121
 0.75694282957811121
 0.75694282957811121
 0.75694282957811121
 0.75684974655964066
 0.75684974655964066
 0.75684974655964066
 0.75684974655964066
 0.75684974655964066
 0.75684974655964066
 0.75684974655964066
 0.75684974655964066
 0.75684974655964066
 0.75684974655964066
 0.75684974655964066
 0.75684974655964066
 0.75684974655964066
 0.75684974655964066
 0.75684974655964066
 0.75684974655964066
 0.80566298837766093
 0.80566298837766093
 0.80566298837766093
 0.80566298837766093
 0.80566298837766093
 0.80566298837766093
 0.80575607428446017
 0.92930107945117257
 0.92930107945117257
 0.92930107945117257
 0
 0
 0
 0
 0
 0
 0
 0
 0
 0
 0
 0
 0
 0
 0
 0
 0
 0
 0
 0
 0
 0
 0
 0
 0
 0
 0
 0
 0
 0
 0
 0
 0
 0
 0
 0
 0
 0
 0
 0
 0
 0
 0
 0
 0
 0
 0
 0
 0
 0
 0
 0
 0
 0


