# Created by Octave 5.2.0, Sat Sep 05 06:09:31 2020 CEST <tkanas@tkanas>
# name: p
# type: matrix
# rows: 401
# columns: 1
 0.68912828948807603
 1.3656287947400554
 1.3635742682994618
 1.3735085741467987
 1.388752895566697
 1.4081565429335052
 1.4314266954589963
 1.4584150504917182
 1.4889300190828372
 1.5226998065530319
 1.5593994928487958
 1.5986775743059092
 1.6401682883361355
 1.6834972717064065
 1.7282865604586066
 1.7741615858359969
 1.8207594208058813
 1.8677370574712013
 1.9147779719676274
 1.9615953218723972
 2.0079338463454146
 2.0535691865248196
 2.0983058842619053
 2.1419761609890773
 2.1844379770070721
 2.2255743277798481
 2.2652917357205009
 2.3035211093845529
 2.3402160447184746
 2.3753522962382458
 2.408925922303089
 2.4409510553243763
 2.4714568499692144
 2.5004844287205796
 2.5280834092732625
 2.5543081235344292
 2.5792157062028753
 2.6028625971321682
 2.6253035197608106
 2.6465902734623308
 2.6667706876794686
 2.68588931884246
 2.7039870481716357
 2.7211019646699075
 2.7372700836622945
 2.7525255140625271
 2.7669013385409023
 2.7804301096416055
 2.7931437658450378
 2.8050740777536598
 2.8162527999276121
 2.8267112147617426
 2.8379824411667789
 2.8535404414093755
 2.8633371664255587
 2.8719308040786569
 2.8800038124950404
 2.8875862923368025
 2.8947071832934719
 2.901394025679108
 2.9076730760114406
 2.9135692286247741
 2.9191059173164988
 2.924305367113107
 2.9291883238405263
 2.9337743181690428
 2.9380816703626742
 2.9421275389376889
 2.9459279558651565
 2.9494979192473543
 2.9528516025382041
 2.9560018931008654
 2.9589612687145785
 2.9617410912515485
 2.9643520577140094
 2.966804257211523
 2.969107018189594
 2.9712691131276268
 2.9732987815026859
 2.975203750175007
 2.9769911341092627
 2.9786677879247532
 2.9802400381851468
 2.981713910157159
 2.9830949169785725
 2.984388406984253
 2.9855993060694637
 2.9867323395964576
 2.9877918857844987
 2.988782046641735
 2.9897068043328701
 2.9905697527587467
 2.9913743684757748
 2.9921239210835937
 2.9928214593522662
 2.9934697889709727
 2.9940717404655284
 2.9946298151119741
 2.9951463915740604
 2.9956237855698009
 2.9960641192053306
 2.9964694519598285
 2.9968417207316826
 2.9971827486973668
 2.9974943350739927
 2.99777809453296
 2.9980356906388583
 2.9982686922102908
 2.9984785791925166
 2.9986668406904116
 2.9988349199427087
 2.9989841741456207
 2.9991160551372333
 2.9992317279302325
 2.9993326769145265
 2.9994201588590341
 2.9994953768864021
 2.9995596614258662
 2.9996141331063226
 2.9996598935977756
 2.9996980727907019
 2.9997293957394451
 2.9997546446469774
 2.9997743305037274
 2.9997889187339215
 2.9997988445522981
 2.9998053929362003
 2.9998128793949359
 2.9998385167060828
 2.9999409964233972
 2.9999233712583164
 2.9997929457616297
 2.9995455646676095
 2.9999936929634421
 2.9996939234135254
 2.999772869686594
 2.999998989824741
 2.9999263227348978
 2.9998716985249403
 2.9998571631221718
 2.9998577009608032
 2.9998637946897846
 2.999871835353304
 2.9998805032117386
 2.9998894355422716
 2.999898607980624
 2.99990841452566
 2.9999193426464958
 2.9999327809927512
 2.9999539659142074
 2.9999999265422028
 2.9999866309379919
 2.9995768308516872
 3
 2.9999980983508774
 2.9999986651767685
 2.9999905132285849
 2.999989839022108
 2.9999998780722681
 3
 2.9999794841272234
 2.99997591872877
 2.9998856249118817
 2.9999677456590188
 3
 2.9999950586177722
 2.9999995918275495
 2.999981609149053
 2.9999717549836671
 2.9999632314305114
 2.9999540304959464
 2.999943626999106
 2.9999315852748634
 2.9999176999821526
 2.999901803256479
 2.9998837926796331
 2.9998635438446164
 2.9998410390256658
 2.9998162467350711
 2.9997892478790513
 2.999760066170809
 2.9997288953999135
 2.9996959098058862
 2.999661362736826
 2.9996257032562683
 2.9995893128762976
 2.9995527408041349
 2.9995167766329627
 2.9994820878848723
 2.9994496644666486
 2.9994205132613372
 2.9993957656322325
 2.9993767367146265
 2.9993650309339301
 2.9993627650412327
 2.9993732878817787
 2.9994023599847792
 2.9994622909552628
 2.9995870079629556
 2.9998766025876029
 2.999840535641273
 2.9999999604126666
 2.9994659300490101
 2.9841123432832046
 2.9777128016683703
 2.9988334669352255
 2.9999157316779437
 2.9991724608582269
 2.9987292009542892
 2.9984096386318884
 2.9981503307803719
 2.9979270654806016
 2.9977288821699624
 2.9975503270308472
 2.9973884930498675
 2.9972416292750812
 2.9971083607197548
 2.9969876105611126
 2.9968782827095839
 2.9967793894171084
 2.9966900119175457
 2.9966094097699898
 2.9965368537495487
 2.9964717769915015
 2.9964136835912587
 2.9963620877227757
 2.9963166242157357
 2.9962769157323632
 2.9962426361276218
 2.9962134632420971
 2.9961890691138695
 2.9961691428396482
 2.9961533899517097
 2.9961414367556332
 2.9961330002531406
 2.996127728672592
 2.9961252831313256
 2.996125354402035
 2.9961275692565881
 2.9961316104866231
 2.9961371438883262
 2.9961438360878132
 2.9961513911567828
 2.9961594940860521
 2.9961678171325405
 2.9961761121083179
 2.9961840880439583
 2.9961914939849406
 2.9961981086122895
 2.9962036600447521
 2.9962079973837947
 2.9962109033822273
 2.9962122001888161
 2.9962117405788531
 2.9962093637776519
 2.9962049816767342
 2.9961984255811194
 2.9961896200179621
 2.9961784538254093
 2.9961648618902244
 2.9961487214946096
 2.9961299598681905
 2.9961085035939301
 2.9960842702300865
 2.9960571796111912
 2.996027108846163
 2.9959939887168421
 2.9959576940111008
 2.9959181418206624
 2.9958751413019629
 2.9958286073930331
 2.9957783518577519
 2.9957242132665272
 2.9956659845449018
 2.9956034775832285
 2.9955364567569918
 2.9954646737234274
 2.9953878844059201
 2.9953058047999828
 2.9952181018840398
 2.9951244793360612
 2.9950245880505095
 2.9949180715881485
 2.9948045176447073
 2.9946835121246274
 2.9945546044619031
 2.9944173113602206
 2.99427114050888
 2.994115531584534
 2.9939499205688924
 2.9937736560790373
 2.9935860945937693
 2.9933864937284782
 2.9931740747782136
 2.9929480080522128
 2.9927073809696778
 2.9924512428744681
 2.9921785293410994
 2.9918880912886689
 2.99157872887052
 2.991249123253231
 2.9908978326274962
 2.9905233739882395
 2.9901240381962655
 2.9896981051322289
 2.9892436540675447
 2.9887586485860007
 2.9882409186111292
 2.9876880880184271
 2.9870976835205205
 2.98646703732611
 2.9857932758867345
 2.9850733839495445
 2.984304098411823
 2.9834819786179714
 2.9826033789676809
 2.9816643750451708
 2.9806608384462976
 2.9795883841485113
 2.978442352883083
 2.9772177834915134
 2.9759094339854228
 2.9745117590177723
 2.9730188467020073
 2.9714244887750154
 2.969722013344867
 2.9679044513040429
 2.9659643386418004
 2.9638938110939397
 2.9616844974430037
 2.9593275485146981
 2.9568135793321377
 2.9541326209385947
 2.9512741154581188
 2.9482268592367515
 2.94497898629088
 2.9415178557552646
 2.9378301084804996
 2.9339015367644254
 2.9297170627961608
 2.925260711613435
 2.9205154674786074
 2.915463312428912
 2.9100850949254569
 2.9043604825541949
 2.898267886098139
 2.8917843478806651
 2.8848855281538257
 2.8775455350243311
 2.8697368905857381
 2.8614303803305932
 2.8525949726063091
 2.8431977113716704
 2.8332035587511353
 2.8225752900569687
 2.8112733459604753
 2.7992556900131196
 2.786477641690372
 2.7728916982798419
 2.75844739609416
 2.7430910634512249
 2.7267656810252037
 2.7094105895195639
 2.6909613355237494
 2.6713493829392458
 2.6505018691784143
 2.6283413179173554
 2.6047853535133179
 2.5797463987265408
 2.5531313359298324
 2.5248411390261998
 2.4947705172129457
 2.4628075183392717
 2.4288330939562726
 2.3927206559332932
 2.3543355823511325
 2.3135347171703899
 2.2701658048093334
 2.2240669053789071
 2.1750657663046207
 2.1229791141349996
 2.0676119138620215
 2.0087565506204692
 1.9461919351403154
 1.8796824646092969
 1.8089769380966636
 1.7338072303481156
 1.6538868093624008
 1.5689089838425994
 1.478544780077508
 1.3824403391287121
 1.2802136420319914
 1.1714502839428689
 1.0556979510230875
 0.93245908497687513
 0.80118141345920491
 0.66124608595527856
 0.51195292500601675
