# Created by Octave 5.2.0, Sat Sep 05 03:06:55 2020 CEST <tkanas@tkanas>
# name: p
# type: matrix
# rows: 201
# columns: 1
 0.070285040375654875
 0.070285040375654875
 0.070285040375654875
 0.070285040375654875
 0.070285040375654875
 0.070285040375654875
 0.070285040375654875
 0.072675252021872541
 0.070373598124198619
 0.070307424704912969
 0.070285040375654875
 0.070285040375654875
 0.070285040375654875
 0.070285040375654875
 0.070285040375654875
 0.070285040375654875
 0.070285040375654875
 0.070285040375654875
 0.070285040375654875
 0.070285040375654875
 0.070285040375654875
 0.070285040375654875
 0.070285040375654875
 0.070285040375654875
 0.070285040375654875
 0.070285040375654875
 0.070285040375654875
 0.070285040375654875
 0.070285040375654875
 0.070285040375654875
 0.070285040375654875
 0.070285040375654875
 0.070285040375654875
 0.070285040375654875
 0.070285040375654875
 0.070285040375654875
 0.070285040375654875
 0.070281226576106373
 0.070281226576106373
 0.070285040375654875
 0.072882101289456838
 0.072882101289456838
 0.072882101289456838
 0.072882101289456838
 0.072882101289456838
 0.072882101289456838
 0.072882101289456838
 0.072882101289456838
 0.59525137984640919
 0.59525137984640919
 0.59525137984640919
 0.59525137984640919
 0.59525137984640919
 0.59525137984640919
 0.59525137984640919
 0.59525137984640919
 0.59525137984640919
 0.59525137984640919
 0.59525137984640919
 0.59525137984640919
 0.59525137984640919
 0.59525137984640919
 0.59525137984640919
 0.59525137984640919
 0.59525137984640919
 0.59525137984640919
 0.59525137984640919
 0.59525137984640919
 0.59525137984640919
 0.59525137984640919
 0.59525137984640919
 0.59525137984640919
 0.59525137984640919
 0.59525137984640919
 0.59525137984640919
 0.59525137984640919
 0.59525137984640919
 0.59525137984640919
 0.59525137984640919
 0.59525137984640919
 0.59525137984640919
 0.59525137984640919
 0.59525137984640919
 0.59525137984640919
 0.59525137984640919
 0.59525137984640919
 0.59525137984640919
 0.59525137984640919
 0.59525137984640919
 0.59525137984640919
 0.59525137984640919
 0.59525137984640919
 0.59525137984640919
 0.59525137984640919
 0.59525137984640919
 0.59525137984640919
 0.59525137984640919
 0.59525137984640919
 0.59525137984640919
 0.59525137984640919
 0.59525137984640919
 0.59525137984640919
 0.59525137984640919
 0.59525137984640919
 0.59525137984640919
 0.59525137984640919
 0.59525137984640919
 0.59525137984640919
 0.59525137984640919
 0.59525137984640919
 0.59525137984640919
 0.59525137984640919
 0.59525137984640919
 0.59525137984640919
 0.59525137984640919
 0.59525137984640919
 0.59525137984640919
 0.59525137984640919
 0.59525137984640919
 0.59525137984640919
 0.59525137984640919
 0.59525137984640919
 0.59525137984640919
 0.59525137984640919
 0.59298158555499281
 0.59298158555499281
 0.59298158555499281
 0.59298158555499281
 0.59298158555499281
 0.59298158555499281
 0.59298158555499281
 0.59298158555499281
 0.59295425325890672
 0.59295425325890672
 0.59295425325890672
 0.59295425325890672
 0.59295425325890672
 0.59295425325890672
 0.59295425325890672
 0.59295425325890672
 0.59295425325890672
 0.59295425325890672
 0.59295425325890672
 0.59295425325890672
 0.59295425325890672
 0.59192993991367804
 0.59192993991367804
 0.59192993991367804
 0.59192993991367804
 0.59192993991367804
 0.59192993991367804
 0.59192993991367804
 0.59192993991367804
 0.59192993991367804
 0.59192993991367804
 0.59183693470847276
 0.59177118194584355
 0.59177118194584355
 0.59156433267825925
 0.59156433267825925
 0.59156433267825925
 0.59156433267825925
 0.59156433267825925
 0.59156433267825925
 0.59156433267825925
 0.59156433267825925
 0.59156433267825925
 0.59156433267825925
 0.59156433267825925
 0.59156433267825925
 0.59156433267825925
 0.59156433267825925
 0.59153700038217316
 0.59153700038217316
 0.59153700038217316
 0.59153700038217316
 0.59155585022500223
 0.59126466495077667
 0.59126466495077667
 0.59126466495077667
 0.59126466495077667
 0.59135767015598206
 0.59135767015598206
 0.59135767015598206
 0.59135767015598206
 0.59135767015598206
 0.59135767015598206
 0.59135767015598206
 0.59135767015598206
 0.59165760448228166
 0.59165760448228166
 0.59165760448228166
 0.59165760448228166
 0.59165760448228166
 0.59165760448228166
 0.59153726698099018
 0.59153726698099018
 0.59153726698099018
 0.59144418192227477
 0.59125618249751966
 0.59234723461386429


