# Created by Octave 5.2.0, Sat Sep 05 08:11:52 2020 CEST <tkanas@tkanas>
# name: p
# type: matrix
# rows: 651
# columns: 1
 0.070327452368314003
 0.070327279089710371
 0.070328526524177482
 0.070329213600820117
 0.07033055309106466
 0.070330602420436414
 0.07033125900223447
 0.070331902589734166
 0.070332529869042149
 0.070333138029152323
 0.070333724769075526
 0.070334283482971618
 0.070334817774101735
 0.070335326609216375
 0.070335809256006188
 0.070336265231919035
 0.070336694259884508
 0.070337096230538201
 0.07033659158722938
 0.070337808040144723
 0.070338130282470435
 0.070338426103793927
 0.070338695811486149
 0.070338939727144376
 0.070339158164620316
 0.070141251249297473
 0.070142021160894144
 0.070142780748780401
 0.070143530022096459
 0.070144268989345601
 0.07014499765873998
 0.070145716038181663
 0.070146424135256458
 0.070147121957225389
 0.070147809511014167
 0.07014848680320232
 0.070149153840018214
 0.070149810627318343
 0.070150457170596203
 0.070151093474947523
 0.070151719545084659
 0.070152335385310127
 0.070152940999516286
 0.070153536391169141
 0.070154121563300809
 0.07015469651850105
 0.070155261258905172
 0.070155815786183268
 0.070156360101533227
 0.070156894205668313
 0.070157418098805963
 0.070157931780661875
 0.070158435250433901
 0.070158928506794435
 0.070159411547883813
 0.070159884371293613
 0.070160346974059346
 0.070160799352650696
 0.070161241502959812
 0.070161673420288631
 0.070162095099347246
 0.07016250653422966
 0.070162907718413006
 0.070163298644743577
 0.070163679305428092
 0.070164049692017089
 0.070164409795407182
 0.070164759605810006
 0.07016509911275666
 0.070165428305087749
 0.07016574717093009
 0.070166055697697238
 0.070166353872071638
 0.070166641679993799
 0.07016691910665486
 0.0701671861364844
 0.070167442753133275
 0.070167688939470854
 0.070167924677569174
 0.070168149948683298
 0.070168364733260047
 0.070168569010904916
 0.070168762760382281
 0.070168945959602075
 0.070169118585601653
 0.070169280614542917
 0.070169432021698341
 0.070169572781423661
 0.070169702867176026
 0.070169822251466396
 0.070169930905881056
 0.070170028801038731
 0.070170115906600217
 0.070170192191245068
 0.070170256182062879
 0.070170308948422369
 0.070170351171909839
 0.070170382818386126
 0.070170403852705357
 0.070170414238702794
 0.07017041393917979
 0.070170402915892535
 0.070170381129536025
 0.070170348539740163
 0.070170305105043865
 0.070170250782889645
 0.070170183076664686
 0.070170104000992009
 0.070170013508292148
 0.070169911549796488
 0.070169798075519665
 0.070169673034258404
 0.070169536373575911
 0.070169388039779013
 0.070169227977908658
 0.070169056131726484
 0.070168872443692645
 0.070168676854956633
 0.070168469305347078
 0.070168249733341917
 0.070168018076060601
 0.07016777426925612
 0.070167518247283026
 0.070167249943096796
 0.070166969288221234
 0.07016667621275241
 0.070166370645319373
 0.070166052513094448
 0.070165721741744153
 0.070165378255438615
 0.070165021976821951
 0.07016465282700092
 0.070164270725522754
 0.070163875590358388
 0.070163467337887864
 0.070163045882873656
 0.070162611138455455
 0.070162163016117787
 0.070161701425690434
 0.070161226275302593
 0.070160737471387222
 0.070160234918658346
 0.070159718520076325
 0.070159188176841566
 0.07015864378837966
 0.070158085252303257
 0.070157512464412736
 0.070156925318657928
 0.070156323707125198
 0.070155707520023342
 0.070155076645643882
 0.070154430970366388
 0.070153770378604083
 0.070153094752815531
 0.070152403973461105
 0.0701516979189864
 0.070150976465794587
 0.070150239488239063
 0.070149486858584756
 0.070148718446987571
 0.070147934121482403
 0.070147133747940876
 0.070146317190058288
 0.07014548430934206
 0.070144634965052036
 0.070143769014214111
 0.070142886311560751
 0.070141986709536322
 0.070141070058254901
 0.070140136205475823
 0.070139184996568182
 0.070138216274508641
 0.070137229879831051
 0.070136225650617973
 0.070135203422452094
 0.070134163028406207
 0.070133104299003532
 0.070132027062200203
 0.070130931143345607
 0.070129816365160039
 0.070128682547707169
 0.070127529508354339
 0.070126357061745817
 0.070125165019786384
 0.070123953191587249
 0.070122721383455683
 0.070121469398852998
 0.070120197038357174
 0.070118904099648244
 0.070117590377456213
 0.070116255663546553
 0.070114899746676618
 0.070113522412558665
 0.070112123443831137
 0.070110702620037352
 0.07010925971756457
 0.070107794509631366
 0.070106306766241036
 0.070104796254157123
 0.070103262736851954
 0.070101705974487574
 0.070100125723871254
 0.070098521738424638
 0.070096893768136465
 0.070095241559540875
 0.070093564855673626
 0.070091863396037624
 0.07009013691656199
 0.070088385149569069
 0.070086607823754254
 0.070084804664118067
 0.070082975391959054
 0.07008111972482127
 0.070079237376475506
 0.070077328056872279
 0.070075391472115861
 0.070073427324433044
 0.070071435312146865
 0.070069415129631565
 0.070067366467301592
 0.070065289011588969
 0.070063182444902297
 0.070061046445626413
 0.07005888068809632
 0.070056684842582151
 0.070054458575281781
 0.070052201548327239
 0.07004991341977039
 0.070047593843598807
 0.070045242469754437
 0.07004285894414182
 0.07004044290867209
 0.070037994001313691
 0.070035511856127261
 0.07003299610333788
 0.070030446369440114
 0.070027862277264499
 0.070025243446129273
 0.07002258949195958
 0.070019900027481166
 0.070017174662379097
 0.070014413003580467
 0.070011614655461213
 0.070008779220206152
 0.070005906298124421
 0.070002995488083142
 0.070000046387962228
 0.069997058595186901
 0.069994031707364401
 0.069990965322935292
 0.069987859042026618
 0.069984712467308086
 0.069981525205059708
 0.069978296866330336
 0.069975027068253981
 0.069971715435601309
 0.069968195529752364
 0.59317921359994663
 0.59317921359994663
 0.59317921359994663
 0.59317921359994663
 0.59317921359994663
 0.59317921359994663
 0.59317921359994663
 0.59317921359994663
 0.59317921359994663
 0.59317921359994663
 0.59317921359994663
 0.59317921359994663
 0.59317921359994663
 0.59317921359994663
 0.59317921359994663
 0.59317921359994663
 0.59317921359994663
 0.59317921359994663
 0.59317921359994663
 0.59317921359994663
 0.59317921359994663
 0.59317921359994663
 0.59317921359994663
 0.59317921359994663
 0.59317921359994663
 0.59317921359994663
 0.59317921359994663
 0.59317921359994663
 0.59317921359994663
 0.59317921359994663
 0.59317921359994663
 0.59317921359994663
 0.59317921359994663
 0.59317921359994663
 0.59317921359994663
 0.59317921359994663
 0.59317921359994663
 0.59317921359994663
 0.59317921359994663
 0.59317921359994663
 0.59317921359994663
 0.59317921359994663
 0.59317921359994663
 0.59317921359994663
 0.59317921359994663
 0.59317921359994663
 0.59317921359994663
 0.59317921359994663
 0.59317921359994663
 0.59317921359994663
 0.59317921359994663
 0.59317921359994663
 0.59317921359994663
 0.59317921359994663
 0.59317812481237076
 0.59317705128501974
 0.59317599276231792
 0.59317494899373846
 0.59317391973368461
 0.59317290474137563
 0.59317190378073403
 0.59317091662027788
 0.59316994303301307
 0.59316898279633201
 0.59316803569191068
 0.59316710150561314
 0.59316616640202358
 0.59316505275127951
 0.59316395416293788
 0.59316287039410265
 0.59316180120644535
 0.59316076275791918
 0.59315976116783631
 0.59315877294736485
 0.59315779788378109
 0.59315683576830569
 0.59315585906392232
 0.59315489526135656
 0.59315394415741773
 0.59315300555264361
 0.59315207925116176
 0.59315116506064913
 0.59315026279226302
 0.59314937226053444
 0.5931484932833293
 0.59314762568174717
 0.59314676928006083
 0.59314592390567311
 0.59314508938901322
 0.59314426556350086
 0.5931434522654685
 0.59314264933410055
 0.59314185661138707
 0.59314107394207471
 0.59314030117355576
 0.59313953815586029
 0.59313878474160309
 0.59313804078592092
 0.59313730614640803
 0.59313658068307351
 0.59313586425831932
 0.59313517127022786
 0.59313449583343114
 0.59313382874724785
 0.59313316988735676
 0.59313251913151677
 0.59313187635954279
