# Created by Octave 5.2.0, Sat Sep 05 06:12:23 2020 CEST <tkanas@tkanas>
# name: p
# type: matrix
# rows: 301
# columns: 1
 0.29461514728396654
 0.60118298955621086
 0.61947437366812019
 0.63835725887659778
 0.65781979210929409
 0.67783726342062034
 0.6983736768048322
 0.71938332041572695
 0.74081243157342558
 0.76260085719678805
 0.7846836549459677
 0.80699259582201821
 0.82945754363714219
 0.85200770970952866
 0.87457275792010492
 0.89708378704933966
 0.91947416766516687
 0.94168025627948437
 0.96364198511836086
 0.98530333675299564
 1.0066127129575946
 1.027523200810645
 1.0479927486792051
 1.0679842490470479
 1.0874655513265712
 1.1064093903036492
 1.1247932582758973
 1.1425992167516215
 1.1598136597453019
 1.1764270434326092
 1.1924335902772953
 1.207830971433953
 1.2226199828112898
 1.2368042237339276
 1.2503897741683845
 1.2633848887035382
 1.2757996982683928
 1.2876459316568718
 1.2989366542146905
 1.3096860210766395
 1.3199090544338419
 1.3296214367650663
 1.3388393219171062
 1.3475791676798952
 1.3558575812178062
 1.3636911861364029
 1.3710965033235207
 1.3780898448871144
 1.3846872278395754
 1.3909042935501696
 1.3967562446057757
 1.4022577924318413
 1.4081729959915701
 1.4162349480007803
 1.4214262311582011
 1.4260208887734274
 1.430357681803575
 1.434449784991467
 1.4383098544231996
 1.4419500300295915
 1.4453819423506098
 1.4486167204474958
 1.4516649970540245
 1.454536923117155
 1.4572421771465123
 1.4597899777511179
 1.4621890963407957
 1.4644478726859607
 1.4665742250151972
 1.4685756684038525
 1.4704593258692309
 1.4722319460048239
 1.4738999156589165
 1.4754692739614461
 1.4769457303371141
 1.4783346763911203
 1.479641200334499
 1.4808701028907243
 1.4820259103206916
 1.4831128880718192
 1.4841350556328903
 1.4850961973228838
 1.4859998780765589
 1.4868494541074506
 1.4876480850179796
 1.4883987461521413
 1.4891042406834529
 1.4897672090012075
 1.4903901412492571
 1.4909753863511492
 1.4915251599431398
 1.4920415545126904
 1.4925265443926254
 1.4929819885505173
 1.4934096301302033
 1.493811090708969
 1.4941878529799251
 1.494541226022845
 1.4948722819367657
 1.4951817753788592
 2.2433419869815747
 2.9919884146601423
 2.9929253397117486
 2.9937546476030428
 2.9944872867136105
 2.9951347776026394
 2.9957073522525111
 2.9962138649142145
 2.9966619981000093
 2.9970584597120675
 2.9974091415108211
 2.9977192378391231
 2.9979933393613036
 2.9982355106512557
 2.9984493543337205
 2.9986380663101437
 2.9988044839243853
 2.998951127828922
 2.9990802384357265
 2.9991938084790766
 2.9992936101416641
 2.999381221093838
 2.9994580460734297
 2.9995253347679962
 2.9995842010383815
 2.9996356357535667
 2.9996805218277225
 2.9997196440292155
 2.9997537008726964
 2.9997833124940696
 2.9998090297670368
 2.9998313415536919
 2.9998506805107739
 2.9998674301060779
 2.9998819302116986
 2.9998944824858129
 2.9999053565410878
 2.9999147951821348
 2.9999230221316044
 2.9999302475389413
 2.9999366794202893
 2.9999425348872464
 2.9999480608728497
 2.9999535703799749
 2.9999595148153517
 2.9999666351554675
 2.9999762880458691
 2.9999910646474701
 2.999991639094632
 2.9999833146358115
 2.9999364927816483
 2.9999251120939023
 2.9999445899623352
 2.9999041466060601
 2.9999843278276765
 2.9999883543999561
 2.9999999608600971
 2.9999979716464709
 2.9999923824243142
 2.9999884369220164
 2.9999870609288135
 2.9999871906646747
 2.99998825708203
 2.9999899473454761
 2.9999921011524848
 2.9999946941362654
 2.9999978862321037
 2.9999984811206395
 2.999999269837661
 3
 2.9999999957454526
 2.9999999757665843
 2.9999999945166946
 3
 2.9999938502379839
 2.9999854519153919
 2.9999739063471753
 2.9999583164845025
 2.9999377303484662
 2.999911089871206
 2.9998771969518132
 2.9998346883341003
 2.9997820148284569
 2.9997174225293235
 2.9996389348101546
 2.999544336337828
 2.9994311553423723
 2.9992966470865627
 2.9991377782866144
 2.9989512084944439
 2.9987332711263432
 2.9984799500162609
 2.9981868460827594
 2.997849129381339
 2.9974614623535993
 2.9970178549678699
 2.996511376731394
 2.995933514539495
 2.9952727011194034
 2.994511644966694
 2.2453455429927414
 1.4965838410353185
 1.4963371982346434
 1.4960821867734371
 1.4958178534621234
 1.4955432556304176
 1.4952574610283018
 1.4949594980035972
 1.494648314915707
 1.494322748552652
 1.4939815011844131
 1.4936231256378771
 1.4932460161492196
 1.4928484043933066
 1.4924283601349306
 1.4919837942693726
 1.4915124652171827
 1.4910119864064002
 1.4904798335072587
 1.4899133535978195
 1.4893097706205438
 1.4886661911025749
 1.4879796066829394
 1.4872468937662426
 1.486464810097387
 1.4856299873276813
 1.4847389209841675
 1.4837879556912497
 1.4827732683421433
 1.4816908483200177
 1.4805364746153395
 1.4793056917047427
 1.4779937845543865
 1.4765957518450568
 1.4751062791077862
 1.473519711849139
 1.4718300275877103
 1.4700308095024852
 1.4681152178618524
 1.4660759624243671
 1.4639052727208572
 1.461594868588916
 1.4591359279169507
 1.4565190527007148
 1.4537342336087729
 1.4507708112448621
 1.4476174342170056
 1.4442620162443156
 1.4406916872878428
 1.4368927442008417
 1.4328505964553364
 1.428549709438518
 1.4239735431573337
 1.4191044884291664
 1.4139237986330595
 1.4084115165374695
 1.4025463986360789
 1.3963058314243542
 1.3896657458320347
 1.3826005236066841
 1.3750828978208516
 1.3670838475415446
 1.3585724839758728
 1.3495159310445204
 1.33987919540832
 1.3296250298967538
 1.3187137866227079
 1.3071032614140534
 1.2947485276315025
 1.2816017592714091
 1.2676120439641354
 1.2527251827630332
 1.2368834780366487
 1.2200255087214444
 1.2020858904840253
 1.1829950215939045
 1.1626788122512186
 1.1410583974282926
 1.1180498311595641
 1.093563761161531
 1.067505082554921
 1.0397725695445448
 1.0102584821105567
 0.97884814750044624
 0.94541951448576766
 0.90984267696896159
 0.87197936681138777
 0.83168241321825653
 0.78879516677463979
 0.74315088650204419
 0.69457208965108308
 0.64286986379790589
 0.58784314621768707
 0.52927798416587846
 0.46694681759231155
 0.40060789631106647
 0.33000512874687149
 0.25486912624099506
 0.17492137257406654
 0.08988638007868735
 0.015586072610478674


