# Created by Octave 5.2.0, Sat Sep 05 04:29:23 2020 CEST <tkanas@tkanas>
# name: p
# type: matrix
# rows: 401
# columns: 1
 2.8465606880740702e-14
 2.5619600367561348e-15
 1.078760224111801e-14
 5.4928895496769339e-15
 3.5660495627724372e-15
 1.3932177515547571e-14
 1.7581126577906608e-14
 3.8627436636530554e-14
 4.4064096686749146e-15
 8.633399562682435e-15
 3.141673270501249e-14
 2.0716392576496954e-18
 0.53208067790559033
 0.70980249096192571
 0.73800763903830202
 0.71981288710978775
 0.69369084306219619
 0.67083463854023229
 0.652697807231295
 0.63839288677308181
 0.62734109936676108
 0.61964686797294932
 0.6150006979057776
 0.60985172209571836
 0.59170486550021906
 0.52835390167113305
 0.34888460084263101
 1.4704140201083611e-15
 4.1778507103537316e-16
 6.5376696310261955e-16
 4.1943077148291321e-16
 7.8800771763452143e-15
 2.5890634618873882e-14
 2.2708528799797794e-14
 5.0527103366802421e-15
 4.5019236817592108e-15
 1.3113287164704882e-14
 6.0539436576698122e-15
 1.1340715285342186e-14
 2.0478141343400619e-15
 5.0397621309798781e-15
 2.9832497637260273e-15
 2.5990278292318987e-15
 1.0925953765724551e-15
 9.9784811882899611e-16
 4.767559915746132e-15
 3.6932178158513896e-16
 8.6132124383749179e-15
 7.9745777782363014e-16
 8.500244777470341e-16
 1.5955507463244719e-15
 3.7075414484352683e-16
 1.1234779018944253e-15
 6.6914011019704852e-16
 6.3696857556606059e-15
 5.52979572420863e-16
 1.0074634446775393e-15
 6.9072978838486903e-15
 7.4861582775858494e-15
 8.1863964644556991e-15
 5.1875942229144744e-16
 1.4063810132969018e-14
 1.3089783593848154e-15
 1.5908589637826985e-15
 2.9891772747874991e-16
 1.7658890006604042e-14
 6.4466627817986739e-15
 2.1077553347846906e-14
 4.7958262954086476e-15
 6.1328355926293531e-17
 1.8579671607743942e-18
 5.0376858244138803e-15
 5.054885249187906e-15
 3.3064832777683695e-15
 9.9383643390054918e-15
 1.7415979453452973e-14
 2.8167859113925997e-14
 1.6558195747678527e-15
 1.3118246577125114e-14
 1.3386800149992491e-15
 1.0352169272926097
 0.59145185132321598
 0.59186532144335846
 0.59174031385897685
 0.59177452842426992
 0.59176639521737517
 0.59177041821765852
 0.59177001942839802
 0.5917720933011994
 0.59177377985371149
 0.59177331190676008
 0.59177508061774498
 0.59177753490277918
 0.59177721907621061
 0.59178084282766619
 0.59177973138410256
 0.59178319446757155
 0.59178041334800513
 0.59178772011859815
 0.59178188143675992
 0.59179083554418443
 0.59178515258992637
 0.59178943519703964
 0.59179008147641443
 0.591791407178894
 0.5917913563709738
 0.59179223314726459
 0.59179532541015412
 0.59179313340716422
 0.59180066182379165
 0.59179464556906825
 0.59179517551431415
 0.5917990531383861
 0.59180023369010271
 0.5917973533461709
 0.59180378306888681
 0.59180017749593694
 0.59179758427925533
 0.591803974889623
 0.59180510517473517
 0.59180176709957211
 0.59180372097682632
 0.59180533327286944
 0.59180266443107787
 0.59180719800397985
 0.59180513018891356
 0.59180047399580626
 0.59181204626942485
 0.59180717516732195
 0.59180601214147022
 0.59180598471958545
 0.59180730921815061
 0.59180958041648513
 0.59180670479938313
 0.59180884833058844
 0.59180790770521141
 0.59180929313853425
 0.59181014971886503
 0.59180642521344173
 0.5918166611091209
 0.59180435251638641
 0.59180791697963175
 0.59181320385596792
 0.59180826420926547
 0.59181268397679032
 0.59181198640939026
 0.59180970922437681
 0.59180928154453682
 0.59180949699871965
 0.59181370280080514
 0.59181304450718242
 0.59180921772038952
 0.59180978030279141
 0.59181165147384585
 0.59181104835030141
 0.59181102800826091
 0.59181357670046186
 0.59181399077099228
 0.59181095826931052
 0.59181027011267429
 0.59181182296341939
 0.59181266679351041
 0.59181256198793908
 0.59181211722609517
 0.59181083993161931
 0.5918134311482528
 0.59181284986459837
 0.59181234488059298
 0.59181148994304678
 0.59181194009445737
 0.59181274706425402
 0.59181216673098358
 0.59181239203884473
 0.59181324997772111
 0.59181326036371262
 0.59181324094118104
 0.59181214724097853
 0.59181206422670052
 0.59181276635738045
 0.59181340860725984
 0.59181271329169993
 0.59181215853075753
 0.59181188702963838
 0.59181273652332722
 0.59181339533153365
 0.59181335582295336
 0.5918126988779705
 0.59181210888796731
 0.59181224832615065
 0.59181265684707896
 0.59181341336391224
 0.59181366894752496
 0.59181342549511096
 0.59181278829310291
 0.59181178011008162
 0.59181248686837828
 0.59181544583107981
 0.5918111916133254
 0.59181459055287022
 0.59181232804075479
 0.59180991097134172
 0.59181776829667376
 0.59180937638737408
 0.59181286927670496
 0.5918173027906507
 0.59181018167839439
 0.59181228626940641
 0.59181515508387617
 0.59181304477547814
 0.59181264621305729
 0.59181079452342578
 0.5918145081018501
 0.59181383869332904
 0.59181120232234241
 0.5918132455294226
 0.59181415025083728
 0.59181207135792369
 0.5918160863659564
 0.59181232037428844
 0.59180989969121933
 0.59181286089049812
 0.59181571834853619
 0.59181250107875949
 0.59181118412969802
 0.59181376688747434
 0.59181338784350113
 0.59181284904355747
 0.59181386131821612
 0.59181445614494776
 0.59181226847503532
 0.5918123301400614
 0.59181372740030058
 0.59181342327228026
 0.5918113827620507
 0.59181215768616646
 0.59181438249837848
 0.59181498708269309
 0.59181244707605241
 0.59181092596095042
 0.5918119487329343
 0.59181477507295888
 0.59181594527424819
 0.59181381695012159
 0.59181089671108433
 0.59181072647332478
 0.59181295870040296
 0.5918151115657615
 0.59181504834875009
 0.59181310381894181
 0.59181179012566831
 0.59181179979688192
 0.59181255370407804
 0.59181357516978217
 0.59181413163371055
 0.59181362668067838
 0.59181266219268414
 0.5918124343037966
 0.59181245118298154
 0.59181337073805917
 0.59181449523818908
 0.59181386462888474
 0.59181269897894584
 0.59181179238318171
 0.59181159379439197
 0.59181236524788439
 0.59181374424584066
 0.59181473138705176
 0.59181473606642587
 0.59181391297160701
 0.59181259971454736
 0.5918112108179755
 0.59181081988466711
 0.59181343654768437
 0.59181869605845716
 0.59181071412211017
 0.59180907258072046
 0.59181735250369616
 0.59181412228809616
 0.59181066909073243
 0.59181341634931317
 0.59181418044869927
 0.59181108727717591
 0.59181194570464357
 0.59181552668050097
 0.59181500933124909
 0.59181276574527542
 0.59181188202012247
 0.59181268685194843
 0.59181434613403594
 0.59181385942525067
 0.59181175993096358
 0.59181211718206117
 0.59181519917701197
 0.59181510592083042
 0.59181175461574487
 0.59181042421849694
 0.59181345557003484
 0.59181574863083275
 0.59181449722125512
 0.59181218338687402
 0.59181175002936182
 0.59181294048757538
 0.59181382344208566
 0.59181367315650601
 0.59181330171870672
 0.59181343143446963
 0.59181381744728401
 0.59181380506135939
 0.59181333974419781
 0.59181278177265306
 0.5918127134648673
 0.59181361152523337
 0.59181462674970353
 0.59181373879122945
 0.59181230103814864
 0.59181409278435826
 0.59181521128764525
 0.59181282570967675
 0.59181182509481078
 0.59181470120547608
 0.59181593001759591
 0.59181320832681028
 0.59181102348222903
 0.5918140360122407
 0.59181651396425861
 0.59181168122068839
 0.59181516779310639
 0.59181740652265025
 0.59180973624229527
 0.59181167770451037
 0.59181737193119399
 0.59181629411245795
 0.59181427169633583
 0.59181182195944138
 0.59181460793689777
 0.59181722930193759
 0.59181470800322589
 0.59181143305335093
 0.59181481056412033
 0.59181755000527747
 0.59181481876617426
 0.59181263913109516
 0.59181500713407686
 0.59181820652530903
 0.59181667469792076
 0.59181467820185407
 0.59181458615749505
 0.59181544632432681
 0.59181622446745119
 0.59181739980482451
 0.59181671250180146
 0.59181528721132537
 0.59181571430048219
 0.59181777583966144
 0.59181866727882504
 0.59181815772412538
 0.59181734255831497
 0.5918159457727209
 0.59181716233817805
 0.59182082954161874
 0.59182000181923466
 0.59181639357246174
 0.59181775096719336
 0.59182170826861169
 0.59182027035930551
 0.5918175840572153
 0.5918203823085928
