# Created by Octave 5.2.0, Fri Sep 04 04:36:42 2020 CEST <tkanas@tkanas>
# name: p
# type: matrix
# rows: 401
# columns: 1
 0
 0
 0
 0
 0
 0
 0
 0
 0
 0
 0
 0
 0
 0
 0
 0
 0
 0
 0
 0
 0
 0
 0
 0
 0
 0
 0
 0
 0
 0
 0
 0
 0
 0
 0
 0
 0
 0
 0
 0
 0
 0
 0
 0
 0
 0
 0
 0
 0
 0.17797174549136616
 0.17797174549136616
 0.17797174549136616
 0.17797174549136616
 0
 0
 0
 0
 0
 0
 0
 0
 0
 0
 0
 0
 0
 0
 0
 0
 0
 0
 0
 0
 0
 0
 0
 0
 0
 0
 0
 0
 0
 0
 0
 0
 0.65453353605576936
 0.65453353605576936
 0.65453353605576936
 0.65453353605576936
 0.65453353605576936
 0.6544577413233309
 0.64986365993893835
 0.64576651980502053
 0.6418028316558726
 0.63820999972761172
 0.63501220500411015
 0.63217501402776444
 0.62965147227717322
 0.62739720360015727
 0.62629748344150471
 0.6261810793654804
 0.62607077391874488
 0.62596708521346189
 0.62586916044613494
 0.6257761697358758
 0.62574099139070716
 0.62573534037090084
 0.62574298153778363
 0.62576156858992438
 0.62578905833569154
 0.62582367904442993
 0.62586388884876343
 0.62590834025403674
 0.62595584973449347
 0.62600537157499037
 0.62605597526120704
 0.62610682583834043
 0.62615716675343547
 0.62620630477480532
 0.62625359664544067
 0.62629843718061906
 0.62631394958615305
 0.6262721622786267
 0.62622570988502291
 0.62617415918716024
 0.62616614411762139
 0.62618446094512126
 0.62619636037466453
 0.62620121924426531
 0.62619837903427067
 0.62618713911867174
 0.6261667499650394
 0.62613640620772193
 0.62609523951793689
 0.62604231118806408
 0.62597660433619007
 0.62589701561570177
 0.62580234628153786
 0.62568714372717649
 0.62554894159645524
 0.62539238368156391
 0.62521600141788392
 0.62514866518712542
 0.62647223545073583
 0.62787816222395898
 0.62939274038211945
 0.62304921354435505
 0.6138803273583574
 0.60582403032282839
 0.59877519261481615
 0.59264598087424059
 0.58765613720265031
 0.58313257509356009
 0.57930841533914945
 0.57612271674007709
 0.57351994674773998
 0.57144956145830239
 0.56986562568646382
 0.56872646822007533
 0.56799436850977725
 0.56763527200956077
 0.56761853228737369
 0.56792077243309835
 0.56627740053735698
 0.56487229179622311
 0.56368992960344178
 0.56272069534508229
 0.56196042665694379
 0.56137718465573128
 0.56098393834486471
 0.56076442011739147
 0.56070750408075043
 0.56080564635363161
 0.56080679951320933
 0.56104635889215027
 0.56126838151783953
 0.56166794561640765
 0.56223625617152939
 0.56285101262906179
 0.5634162588296584
 0.56411992652878284
 0.5655431685123965
 0.56693894175997972
 0.56830352782977889
 0.56963379333747877
 0.57092712889011377
 0.57218139334278251
 0.57339486301268294
 0.57456618548880478
 0.57569433772088185
 0.57696056875161739
 0.57817713240466395
 0.57934356295763323
 0.58045959820514115
 0.58151301138378542
 0.58251061733148535
 0.58345730921550754
 0.58435370612982873
 0.58516137504941323
 0.58591460849586829
 0.58662120477208424
 0.58728233939584318
 0.58789922030067998
 0.58847308256241204
 0.58900518440200866
 0.58951388518013592
 0.59000798486328665
 0.59041995032526007
 0.59077302623804595
 0.59109407557795313
 0.59138430624389693
 0.59164496329288097
 0.59187733195536207
 0.5920827415738027
 0.59226257044651331
 0.59241825160779782
 0.5925512795348904
 0.59266321784201925
 0.59275570798808241
 0.59283047909452125
 0.59288935896058392
 0.59293428645268587
 0.5929673254939184
 0.59299067971091612
 0.59300744939253247
 0.59295664280463578
 0.59288512732594545
 0.59281036489033079
 0.59272241168749151
 0.59261934467800237
 0.59249925824113037
 0.59236025302278905
 0.5922004234604451
 0.59201784607965202
 0.59181061377227495
 0.59104144433511396
 0.58965969271296725
 0.58822327876576386
 0.58668409542298172
 0.58506013385105993
 0.58335960646016727
 0.5815814124750992
 0.57972447588272402
 0.57778774389896081
 0.57577011808588185
 0.57373898857307204
 0.57169553447697952
 0.56957088836916114
 0.56736420660123632
 0.56507458286807144
 0.56270111517686816
 0.56024290574175839
 0.55769906098433653
 0.5550686916559846
 0.55235091311095863
 0.549544845732027
 0.54664961553417291
 0.54366435494835308
 0.5405882038055283
 0.53742031054503736
 0.53415983366254371
 0.53080594344299137
 0.52735799558459484
 0.52510821214472836
 0.52277822398946716
 0.52033181570569675
 0.5177598207880878
 0.5150493189392541
 0.51413434954462489
 0.51504303976153765
 0.5158927552429351
 0.51668200423291633
 0.51742537674790245
 0.51812519722493633
 0.51852756790979204
 0.5188061536523908
 0.51904370497416374
 0.51924411791219649
 0.51941099711714167
 0.51954767537885826
 0.51965723174651168
 0.51971556714057165
 0.52004077833101614
 0.5205478178956553
 0.52102204729051249
 0.52147133797206058
 0.52189748541655623
 0.52214707283059936
 0.52212517420267068
 0.52209229694743309
 0.52227099247419106
 0.52241088463380059
 0.5225373066310709
 0.52265077180193353
 0.52275176107235355
 0.52284072401117299
 0.52291807994966255
 0.52298421910642867
 0.52303950362363494
 0.52309541312200447
 0.52315504185999684
 0.52320216093914007
 0.52323709775339278
 0.52326014946601029
 0.52327158404343521
 0.52327164112523272
 0.52326053283144092
 0.52323844450887524
 0.52320553541866588
 0.52316193936678379
 0.52310776527940595
 0.52304309772484592
 0.52296799738386279
 0.52288250146994131
 0.52278662410117327
 0.52268035662533296
 0.52256366789966835
 0.52243650452686441
 0.52229879104875243
 0.52215043009923012
 0.52199130251787296
 0.52182126738533852
 0.52164690494949073
 0.52148375750071041
 0.52131187721796468
 0.52113112728150446
 0.5209413573950149
 0.52074237760501751
 0.52057179113700502
 0.52060121920180047
 0.52063090904375464
 0.52066145368925809
 0.52048690924218244
 0.51997508757958633
 0.51944823884843683
 0.51890715094010254
 0.51835316563216893
 0.51795178789945762
 0.51791100736546769
 0.51784537734759695
 0.51773951822882114
 0.51761287183838334
 0.51737410796078831
 0.51707337486424931
 0.51673581003115598
 0.51616558315502559
 0.51541315470533955
 0.51462164196892068
 0.51378921663629551
 0.51291395451973765
 0.51199382819440631
 0.51102669724730965
 0.51001029481146998
 0.50894220829721237
 0.50781985102382476
 0.50664041954943073
 0.50540082849405144
 0.5040566774250852
 0.52880840434235987
 0.57044517310751375
 0.6142638795201002
 0.62220569582380802
 0.62168570322877392
 0.62132595747676034
 0.62093335378459447
 0.61834665573588843
 0.61492321272821548
 0.61166047843732496
 0.60854671676509675
 0.60556002415020393
 0.60273616921213569
 0.60003065431416469
 0.59743381317308808
 0.59493627229487234
 0.5925327616030005
 0.59021607013475041
 0.58797950182559044
 0.58615034960889201
 0.5847957377314752
 0.58333480225799939
 0.58175421089860024
 0.5800720516437271
 0.57828211910646832
 0.57637785182263168
 0.57435229119298403
 0.57219805771408216
 0.56990732570892855
 0.56747177274642602
 0.56540951564530584
 0.56381951379231399
 0.56226340366414829
 0.56073976168128892
 0.55924741001873879
 0.55891385384033321
 0.55777651814770224
 0.55609028553359152
 0.55493983952781134
 0.55444812904791374
 0.55477245019167709
 0.55330864106813948
 0.47362896024348589


