# Created by Octave 5.2.0, Sat Sep 05 05:53:56 2020 CEST <tkanas@tkanas>
# name: p
# type: matrix
# rows: 301
# columns: 1
 1.005599295342857
 0.68167759220828761
 0.67685553497151896
 0.73943480382964299
 0.75491476643631039
 0.77444925829895406
 0.7950567425928925
 0.81696916230747818
 0.83900658818056295
 0.91992322902333779
 0.88571331924902419
 0.90856546261349014
 0.93092617162297275
 0.9530795579485265
 0.97476146533766339
 0.99593091142563606
 1.0165018790148079
 1.0364053051865356
 1.0556013802888173
 1.0741282685635971
 1.0921576437589529
 1.1100323126851543
 1.1282509925901505
 1.1473770498119482
 1.1678731733612195
 1.1898988405217246
 1.2131410285766575
 1.2367528753900638
 1.2594571514095918
 1.2798146659829781
 1.2965992974359102
 1.3091672761577515
 1.3177107962471981
 1.323237678563669
 1.3275030753198775
 1.3321469214666783
 1.3392600652567346
 1.2589895180133481
 1.3610767814805633
 1.3759365619006549
 1.3923208789925381
 1.4083226304654013
 1.4229291600852843
 1.4352676229188746
 1.4450969123346069
 1.452570676805609
 1.4580867694902162
 1.4620765953200967
 1.4648683002509106
 1.4666543459391965
 1.4675540950515842
 1.4677371293218799
 1.4698315238948756
 1.4717851745638511
 1.4729266978410518
 1.4756782943175737
 1.4806021330704147
 1.4879047449023692
 1.4973095651994146
 1.5080288116296077
 1.518858351072863
 1.5283793240571097
 1.5352306184003104
 1.5383943465467191
 1.5374310640123874
 1.5326096959497568
 1.5248989019635628
 1.5158168004475718
 1.5071666823611818
 1.5007095320065318
 1.4978369141135799
 1.4993061150047013
 1.5050886807746007
 1.514363693773525
 1.5256596068952606
 1.537122720639073
 1.5468605974436143
 1.5532944460522657
 1.5554481920919954
 1.5531170883722316
 1.5468838007430188
 1.5379832179624884
 1.5280481300233009
 1.518789608171254
 1.5116774511611641
 1.5076817074554636
 1.5071238823384474
 1.5096619295841154
 1.5144054972934844
 1.5201315507485709
 1.5255487609952316
 1.5295526753336395
 1.5314177018810733
 1.5308912930072702
 1.5281800741705207
 1.5238409535239441
 1.5186482745440411
 1.5132412453637178
 1.5085309747842357
 1.5041957628266687
 2.9948603475650395
 2.9933630095517185
 2.9932824723325111
 2.9900122481160922
 2.9846755444823581
 2.9798627157404822
 2.9772784793345761
 2.9771382578854722
 2.9784949044000082
 2.9798725964156016
 2.9799447707986397
 2.9780447235778444
 2.9743606020540603
 2.9697879575025903
 2.9655467376611888
 2.9627377589330184
 2.9620007706694853
 2.9633672800431419
 2.9663140388415927
 2.9699547151455001
 2.9733066537726347
 2.9752624363190461
 2.9759527541879551
 2.9732926054275519
 2.9756901748767297
 2.9999740467615097
 2.9666219373038225
 2.9567102099521514
 2.954863258941185
 2.9531671877516947
 2.9538884320579091
 2.9562142074346731
 2.9600160992507609
 2.9647477718381041
 2.9697560147518489
 2.9743777084294676
 2.9780324422448476
 2.9802932914737177
 2.980930399942213
 2.9799253087436437
 2.9774567382368433
 2.9738625015692861
 2.9695863397950868
 2.9651206705962183
 2.9609556947179354
 2.957541324025224
 2.9552625713701408
 2.9544233938709121
 2.9552309719171124
 2.9577738244703773
 2.9619929842956236
 2.9676540270786744
 2.974336146892913
 2.9814603936046478
 2.988393036514474
 2.994795262945174
 2.9999999989874162
 2.9999999980907468
 3
 3
 2.9992291200036907
 2.9991608773886553
 2.9969585310468627
 2.9965260613229745
 2.9996417413973941
 3
 3
 3
 3
 3
 3
 3
 3
 3
 3
 3
 3
 3
 3
 3
 3
 3
 3
 3
 3
 3
 3
 3
 3
 3
 3
 3
 3
 3
 3
 3
 3
 3
 3
 3
 1.7422587111681571
 1.5609970683777457
 1.5320850278362128
 1.5232563290827541
 1.5196177430507973
 1.5165549192532792
 1.5134488647157318
 1.5103912139585058
 1.5075083620275695
 1.5048652119041395
 1.5024734643576394
 1.500308658385719
 1.4983256704345393
 1.4964735440871095
 1.4947089412055474
 1.4930077011280496
 1.4913739921995062
 1.4898467987933657
 1.4885020827291358
 1.4874494513929639
 1.4868218329620244
 1.4867577568735826
 1.4873775813674435
 1.4887564760904719
 1.4908983597544738
 1.4937165053488439
 1.4970256168675817
 1.5005502456474211
 1.5039509859946065
 1.5068678374952993
 1.5089753421498542
 1.5100411334496344
 1.5099767993516104
 1.5088690225416956
 1.5069809132931626
 1.5047181703775974
 1.5025610631359618
 1.5009721382863885
 1.5002963093796133
 1.5006752506835523
 1.5019974407401628
 1.5038997513501946
 1.505825611906114
 1.5071313297182982
 1.5072200849720641
 1.5056736054420297
 1.5023510703083156
 1.4974286826331364
 1.4913671007542948
 1.48480949071924
 1.4784311415099789
 1.472775419813197
 1.4681169962482898
 1.4643895271128491
 1.4611993792179294
 1.4579261546205273
 1.4538864984699902
 1.4485208980451216
 1.4415546405100874
 1.4330893632282413
 1.4235965254509459
 1.4138077824104254
 1.4045230655157015
 1.39637997634167
 1.3896422905442485
 1.3840650778012598
 1.3788790427352411
 1.3729086868463127
 1.3648060529202835
 1.3533512254167723
 1.3377520664774489
 1.3178704626609465
 1.2943149436189911
 1.2683643742850772
 1.2417235138364782
 1.216149653609139
 1.1930242702484837
 1.1729656096916765
 1.1555810900917329
 1.1394390117154536
 1.122297145598705
 1.1015669999693161
 1.0749264960477156
 1.0409371801549623
 0.99949358592594861
 0.95194860743360821
 0.90082494673494606
 0.84913001042835901
 0.79941729340531487
 0.75284982265736089
 0.70858309572320377
 0.66375642696353832
 0.61423338189055099
 0.55596990651679579
 0.48658447096624102
 0.40645421121947833
 0.3188208049794638
 0.2282120623818214
 0.13851548728108537
 0.049619985612989102
 0


