# Created by Octave 5.2.0, Fri Sep 04 02:25:26 2020 CEST <tkanas@tkanas>
# name: p
# type: matrix
# rows: 651
# columns: 1
 0
 0
 0
 0
 0
 0
 0
 0
 0
 0
 0
 0
 0
 0
 0
 0
 0
 0
 0
 0
 0
 0
 0
 0
 0
 0
 0
 0
 0
 0
 0
 0
 0
 0
 0
 0
 0
 0
 0
 0
 0
 0
 0
 0
 0
 0
 0
 0
 0
 0
 0
 0
 0
 0
 0
 0
 0
 0
 0
 0
 0
 0
 0
 0
 0
 0
 0
 0
 0
 0
 0
 0
 0
 0
 0
 0
 0
 0
 0
 0
 0
 0
 0
 0
 0
 0
 0
 0
 0
 0
 0
 0
 0
 0
 0
 0
 0
 0
 0
 0
 0
 0
 0
 0
 0
 0
 0
 0
 0
 0
 0
 0
 0
 0
 0
 0
 0
 0
 0
 0
 0
 0
 0
 0
 0
 0
 0
 0
 0
 0
 0
 0
 0
 0
 0
 0
 0
 0
 0
 0
 0
 0
 0
 0
 0
 0
 0
 0
 0
 0
 0
 0
 0
 0
 0
 0
 0
 0
 0
 0
 0
 0
 0
 0
 0
 0
 0
 0
 0
 0
 0
 0
 0
 0
 0
 0
 0
 0
 0
 0
 0
 0
 0
 0
 0
 0
 0
 0
 0
 0
 0
 0
 0
 0
 0
 0
 0
 0
 0
 0
 0.67465834961640436
 0.67465830273982919
 0.67465825546407765
 0.67465820994618853
 0.67391503679750497
 0.67314379909705646
 0.67239151496737282
 0.67165773087190139
 0.67094200377937296
 0.67024390135645862
 0.66956300207864861
 0.66889889526666069
 0.66825118106196113
 0.66761947035299685
 0.66700338466161202
 0.66640255599766429
 0.66581662668848474
 0.66524501840014394
 0.66468758218843182
 0.66414403951800394
 0.66361407183582721
 0.66309736984362022
 0.66259363326530829
 0.66210257061314837
 0.661623898953969
 0.66115734367679813
 0.66070263826283726
 0.66025952405843258
 0.6598277500518982
 0.65940707265449838
 0.65899725548600141
 0.65859806916517483
 0.65820929110529269
 0.65783070531496668
 0.65742063394554295
 0.65701348665354486
 0.6566173247335273
 0.65623192187287571
 0.65585705860074961
 0.6554925220818647
 0.65513810591675148
 0.65479360994861291
 0.65445884007627553
 0.65413360807346588
 0.65381773141394861
 0.65351103310249914
 0.65321334151154242
 0.65292449022331578
 0.65264431787724775
 0.65237266802260729
 0.6521093889761117
 0.65185433368434897
 0.65160735959094729
 0.6513683285082944
 0.65113710649357526
 0.65091356372917641
 0.65069757440715981
 0.6504890166177435
 0.65028777224164758
 0.65009372684621225
 0.64990676958515681
 0.64972679310185399
 0.64955369343602054
 0.64938736993379276
 0.64922772516096339
 0.6490746648194492
 0.6489280976667785
 0.64878793314459415
 0.64872150691441188
 0.64872099279646145
 0.64872048935075755
 0.64871999869515451
 0.64871952071013639
 0.64871905528090845
 0.64871860622301125
 0.64828652254382868
 0.64782029208658864
 0.64736347774617709
 0.64691591867915221
 0.64647746357390345
 0.6460479648757631
 0.64562727869202896
 0.64521526469987089
 0.64481178605703937
 0.6444167093152634
 0.64402990433628804
 0.64365124421044995
 0.64328060517780694
 0.64291786655145944
 0.6425629106433064
 0.64221562269206178
 0.64187589079325602
 0.64154360583155468
 0.64121866141485095
 0.6409009538105328
 0.64059038188347972
 0.64028684703602412
 0.63999025314958657
 0.63970050652810317
 0.63941751584308959
 0.63914119208033804
 0.63887144848820976
 0.6386082005273519
 0.63835136582204277
 0.63810086411286759
 0.6378566172107879
 0.63761854895261971
 0.63738658515779012
 0.63716065358634277
 0.63694068389827552
 0.63672660761397404
 0.63651835807585688
 0.63631587041125459
 0.63611908149626517
 0.63592792992071379
 0.63574235595430473
 0.63556230151363591
 0.63538771013029516
 0.6352185269199897
 0.63505469855249985
 0.63489617322276781
 0.63474290062271166
 0.6345948319140674
 0.63445191970215586
 0.63431411801036619
 0.63418138225565535
 0.63405366922486439
 0.63393093705186632
 0.63381314519551979
 0.63370025441852118
 0.63359222676704641
 0.63348902555127029
 0.63339061532662566
 0.63329696187601492
 0.63320803219275124
 0.63312379446448563
 0.63304421805786115
 0.6329683889605392
 0.63289713937105085
 0.63283044199239713
 0.63276792829775508
 0.63270991105741881
 0.63265636626620425
 0.63260727100872305
 0.63256280821485855
 0.63178629755174875
 0.63102557570248452
 0.63028012586107574
 0.6295496454529701
 0.62883383790198344
 0.62813241249023544
 0.62744508422071943
 0.62677157368301151
 0.62611160692302215
 0.62546491531579806
 0.62483123544199182
 0.6242103089672536
 0.62360188252511706
 0.62300570760251828
 0.62242154042843845
 0.62184914186547535
 0.62128827730377512
 0.62073871655795831
 0.62020023376641165
 0.6196726072933908
 0.61915561463569813
 0.61875713480746752
 0.61838070511524668
 0.61801597323363688
 0.61766268225997667
 0.61732058071793972
 0.61698942288208336
 0.61666896863966747
 0.61635898335628048
 0.61605923774479554
 0.61576950773813888
 0.61548957436502927
 0.61521922362920456
 0.6149582463916794
 0.61470643825588289
 0.61446359945622064
 0.6142295347487603
 0.61400405330533658
 0.61378696861001325
 0.61357809835811472
 0.61337726435780171
 0.61318429243432548
 0.61299901233608167
 0.61282125764379491
 0.61265086568101346
 0.61248767742737076
 0.61233153743383417
 0.61218229373974331
 0.61203979779227746
 0.61190390436714648
 0.61177447149197184
 0.6116513603707544
 0.61153443531055918
 0.61142356364963146
 0.6113186156873629
 0.61121946461573762
 0.61112598645232796
 0.61103805997483995
 0.61095556665736694
 0.61087839060744609
 0.61080641850527573
 0.61073953954371119
 0.61067764536990432
 0.61062063002797129
 0.61056838990304563
 0.61052082366655658
 0.61047783222261309
 0.61043931865551093
 0.61040518817844036
 0.61037534808317395
 0.61034970769072205
 0.61032817830335051
 0.61031067315707999
 0.6102971073757234
 0.61028739792513564
 0.61028146356918178
 0.61027922482587582
 0.61028060392489669
 0.61028552476564246
 0.6102939128760938
 0.61030569537262447
 0.61032080092051588
 0.6103391596950889
 0.61036070334376258
 0.61038536494864715
 0.61041307898977859
 0.61044378130933563
 0.61047740907608761
 0.61051390075067657
 0.61055319605159064
 0.61059523592134957
 0.61063996249386676
 0.61068731906167117
 0.61073725004427637
 0.61078970095665452
 0.61084461837834536
 0.61090194992310853
 0.61096164420907817
 0.61102365082912569
 0.61108792032206105
 0.61115440414380695
 0.61122305506386099
 0.61128718230097046
 0.61134546881165208
 0.61140567426705128
 0.61146774927696823
 0.61153164565529272
 0.61159731589526278
 0.61166471314397663
 0.61173379117718696
 0.61180450437438194
 0.61187680769407027
 0.61195065664940163
 0.61202600728378787
 0.61210281614733808
 0.61218104027253128
 0.61226063715122048
 0.61234156471093804
 0.61242378129173303
 0.6125072456231363
 0.61259191680142655
 0.61267775426663462
 0.61276471778008135
 0.6128527674018972
 0.61294186346839441
 0.61303196656999626
 0.61312303752875974
 0.61321503737620564
 0.61330792733127981
 0.61340166877789015
 0.61349622324314357
 0.61359155237478902
 0.61368761791933435
 0.6137843816995624
 0.61388180559242012
 0.61397985150633128
 0.61407848135887133
 0.6141776570542683
 0.614277340459914
 0.61437749338413661
 0.61447807755228634
 0.61457905458363116
 0.61468038596734531
 0.61478203303843793
 0.614883956953303
 0.61498611866469166
 0.61508847889639784
 0.61519099811749411
 0.61529363651564783
 0.61539678270980547
 0.61550033592685716
 0.61560388706860858
 0.6157073949130607
 0.61581081781299052
 0.61591411366456617
 0.61601723987499346
 0.6161201533288666
 0.61622281035332793
 0.6163251666816234
 0.61642717741497999
 0.61652879698312213
 0.61662997910223105
 0.61673067673148996
 0.61683084202675087
 0.61693042629178718
 0.61702937992719775
 0.61712765237552991
 0.6172251920636862
 0.61732194714177036
 0.6171596433859603
 0.61699438186898992
 0.61682608572196196
 0.61665467753750158
 0.61648007848678532
 0.61630220822320236
 0.6161209847781427
 0.61593632444790336
 0.61574814167105263
 0.61555635358249183
 0.61532643586673652
 0.61875617513531778
 0.61870344395590215
 0.6138692581040035
 0.60327861258661741
 0.59407989693229057
 0.58618840953918705
 0.57928744856438807
 0.57332262376464527
 0.56818362075604179
 0.56376780789354286
 0.5599843477211266
 0.55675279393946531
 0.55400186376422256
 0.55166835944665371
 0.54969621809905245
 0.54803567260973607
 0.5466425091293039
 0.54547740872832773
 0.54450536253674697
 0.54369515107404354
 0.5430188796073383
 0.54245156219534019
 0.54200167972487301
