# Created by Octave 5.2.0, Sat Sep 05 06:46:57 2020 CEST <tkanas@tkanas>
# name: p
# type: matrix
# rows: 401
# columns: 1
 0
 1.9647005986721988e-14
 0
 3.1528375578352566e-15
 1.0498944522046723e-14
 4.2601364558980208e-15
 0
 0
 1.4725991437115252e-14
 3.1797018453258462e-14
 6.5493743693300992e-14
 0
 0.5445537076629744
 0.72238523257793952
 0.73487780025172456
 0.70981188109192439
 0.68507480884659522
 0.66672659332858608
 0.65253226558604693
 0.63993654776548425
 0.62813219968652578
 0.61806152603732734
 0.61129902035053751
 0.60703559899119086
 0.5947661377039124
 0.53801280638808258
 0.34357754136779967
 0
 2.6996646917374396e-14
 1.8746963577189159e-14
 5.3133288378538709e-15
 0
 1.9594567901000032e-14
 2.306921669259475e-14
 9.1456301173604575e-15
 0
 7.8331164625588001e-15
 5.4592671054902626e-15
 1.1438167557296682e-14
 1.3133196558601399e-14
 9.8786327906039011e-15
 5.8919459072048439e-15
 4.2290580522382718e-15
 0
 2.965510629215299e-15
 4.21925480266651e-15
 3.3490904126280026e-15
 5.7012119020329922e-15
 0
 6.0016057305531123e-15
 6.3297114655417634e-15
 3.4685563438877854e-15
 5.516791492570519e-15
 0
 1.5399298374060341e-14
 1.6004157849285957e-14
 0
 2.2979114214355178e-15
 1.0604074749755349e-14
 0
 9.4221509662431337e-16
 3.1304393282570242e-15
 9.9084636801258212e-15
 8.7109889786187931e-15
 0
 1.959068206470444e-14
 1.1671109467583264e-14
 2.8672768642464603e-14
 0
 2.0326426913874432e-15
 0
 3.077308027562757e-14
 2.2423353966213235e-14
 0
 0
 1.2480866537853777e-14
 3.4192398540682527e-14
 0
 4.119984004107453e-14
 9.2207756771118681e-15
 1.035216052633956
 0.59145276366295441
 0.59186244014465739
 0.59174258611975283
 0.59177891245059067
 0.59176489624239959
 0.59177376445771102
 0.5917619541943252
 0.5917745006141768
 0.59176477667645933
 0.59178068671229755
 0.59177583231070829
 0.59178241357587535
 0.59177057947315204
 0.59177914401707365
 0.59178560320509799
 0.59178260132897309
 0.59177400136316849
 0.59180171896962652
 0.59177185925114406
 0.59179890994184292
 0.59178050143556771
 0.59178438271405531
 0.59179638155746228
 0.59178339281577486
 0.59179230357093071
 0.59179082883568446
 0.59180599957336577
 0.59178320067416068
 0.59182800794928836
 0.59175240281904351
 0.59181899346083
 0.59178791050216095
 0.59180407024125714
 0.59180336402090616
 0.59179000550548777
 0.59181243546538254
 0.59179968288302187
 0.59181256968032969
 0.59178435684394748
 0.59179970888851174
 0.59181462759355097
 0.59180476496450041
 0.59178853428299616
 0.59181727779382998
 0.59181870939344361
 0.59178646749478669
 0.59181637147977728
 0.5918002725442294
 0.59181801224907837
 0.59179945776649279
 0.59179861066778694
 0.59183759452142704
 0.59178531966302705
 0.59179309081148268
 0.59184918930227404
 0.59176919290491081
 0.59183223376957916
 0.59180418894598408
 0.59179507105409401
 0.59184010503539985
 0.59177637003572681
 0.59183989147954497
 0.59179149679793508
 0.5918164582192228
 0.59182713490607308
 0.59177697916308791
 0.59184417707189696
 0.59178257495111997
 0.59181652159501019
 0.59183216220304935
 0.59177977807888205
 0.59182693773772654
 0.59182479401770505
 0.591793653754073
 0.59180242046213505
 0.59182974355012363
 0.59182867885379631
 0.59179233681022914
 0.59180423669902205
 0.5918181797166534
 0.59182217061794518
 0.59180641984475701
 0.59180344794163475
 0.59181198543778135
 0.59183602779167255
 0.59180110742180703
 0.59179780178671748
 0.59181817702088435
 0.59181196202204778
 0.59181828741686715
 0.59181405261375541
 0.59180167838697417
 0.59180655958440875
 0.59182375659122666
 0.59181963789660208
 0.59180828504588578
 0.5918041849117911
 0.59182522379573366
 0.59180680887515102
 0.59182214770022745
 0.59179519299177319
 0.5918194147817506
 0.59180692590250084
 0.59182074857131173
 0.59181515650567385
 0.59180592825542788
 0.59182395087249673
 0.59180157590668592
 0.59181960442428538
 0.59181361234571828
 0.5918115038295183
 0.59181528190929755
 0.59180267824058608
 0.59180897150664535
 0.59183167677642623
 0.59182248758790923
 0.59178954341933832
 0.59183318419729491
 0.59178821683258176
 0.59182356404393877
 0.59181534351581744
 0.59179684805229216
 0.59184946125642524
 0.59178056830823167
 0.59181345880155978
 0.59182638243386843
 0.59180675640557046
 0.59181251212126751
 0.59180755113441375
 0.59180796754405585
 0.5918362391261186
 0.59179207337496476
 0.5918382741446585
 0.59180299875841447
 0.59181718348738288
 0.59180777790310357
 0.59180261851010985
 0.59182628085340572
 0.59182201165278459
 0.5917888716388976
 0.59182586820488903
 0.59180142323381135
 0.59180566349605002
 0.59183469325705651
 0.59180736872401996
 0.59180081027849929
 0.59182315575187749
 0.59182224302665321
 0.59180142032711069
 0.59181199395332806
 0.59182170493518593
 0.59182099931071641
 0.5918101268908551
 0.59179839155494007
 0.59181629748462727
 0.59181583886177047
 0.59182154877661897
 0.59181662291248094
 0.59180369572698777
 0.59181434691069756
 0.59180939875450478
 0.59180620384811911
 0.59182698295218716
 0.59180078260068136
 0.59182534857546143
 0.59180928499900132
 0.59179923231605358
 0.59184246776947191
 0.59177623629815401
 0.59183440208331783
 0.59182248852384778
 0.59177618285670841
 0.59186026673845071
 0.5917978844987557
 0.59178606586605675
 0.59185221768201002
 0.59178656232286952
 0.59180753708063627
 0.59185326193413046
 0.5917811514685537
 0.59180097581889712
 0.59183842803735753
 0.59179828859833339
 0.59181690552142607
 0.59183255297412185
 0.59179280513724275
 0.59179878143534725
 0.59182241874545971
 0.59181414390848108
 0.59183329925835793
 0.59181652638396964
 0.59178931664547296
 0.59181248926195984
 0.59183040482079663
 0.59180392294698891
 0.59182762409885481
 0.59180922420533677
 0.59180496737315291
 0.59181691429164163
 0.59180359329225585
 0.59181854733076955
 0.59181552869313669
 0.59179718734672482
 0.59182342330671678
 0.59182715803081509
 0.59179945272536949
 0.59180021553476903
 0.5918267591103179
 0.59183209243030466
 0.59179824508769008
 0.59179952889700083
 0.59183215784340959
 0.5918232750258362
 0.59179863165385416
 0.59181169513891396
 0.5918265207541239
 0.59181061222791687
 0.59179868529204271
 0.59181226157784483
 0.59182247849913527
 0.59181425790661379
 0.59180542912560696
 0.59180678931763231
 0.59181846361185941
 0.59182589060394541
 0.59181467318038516
 0.59180090818060094
 0.59180349757188633
 0.591819694928997
 0.59182612750257724
 0.59181397230991428
 0.59180318408055321
 0.59181377958208237
 0.59182039313380042
 0.59180961786917741
 0.59182021565755405
 0.59180645445160096
 0.5918208487389558
 0.59182360150139024
 0.59179335979361503
 0.59180730956629146
 0.59183771722696943
 0.59181588999324275
 0.59180128873707283
 0.59180588989399441
 0.59180953379892098
 0.59181932280787841
 0.59179766462382477
 0.59185982028788608
 0.59178842573984991
 0.59180962984986452
 0.59183325674721288
 0.59179932630906384
 0.59182253605005353
 0.5918113726338361
 0.59181415571434515
 0.59182718079539576
 0.5918052952314623
 0.59179156728812032
 0.59184102046604026
 0.59182057788842612
 0.59179282824169288
 0.59182571314857291
 0.5918161839470395
 0.5918116922280493
 0.59181957771436389
 0.59181408614493636
 0.5918168709712901
 0.59181769741827051
 0.59181306289085578
 0.59182156986258416
 0.59181902038675227
 0.59181437713714147
 0.59181574051143337
 0.59180700364387373
 0.59182508223641628
 0.59182143760725237
 0.59180508390670039
 0.59182413325259264
 0.59182524032602035
 0.59181280161260319
 0.59182067635062585
 0.59182410020890608
 0.59181551927653342
 0.59182266085297419
 0.59182738361930798
 0.59181109507110274
 0.59182135845415917
 0.59182823226952919
 0.59182510384923559
 0.5918188316168187
 0.59182745545039894
 0.59181153293518818
 0.5918118022828337
 0.59184772369628447
 0.5918211155501264
 0.59181719458884163
 0.59183282146972371
 0.5918274577739765
 0.59181668860495973
 0.59182020740745223
 0.59184089990540256
 0.5918302554166226
 0.59181857405033111
 0.59183712571029834
 0.5918413865660167
