# Created by Octave 5.2.0, Fri Sep 04 02:29:21 2020 CEST <tkanas@tkanas>
# name: p
# type: matrix
# rows: 401
# columns: 1
 0.075670289999224635
 0.091955842056691703
 0.093690455202363396
 0.095423180039751671
 0.097151744505549101
 0.098875425856256513
 0.1005931088329272
 0.10230339635148314
 0.10400470073307883
 0.10569531797842373
 0.10737348644932418
 0.10903743204964371
 0.11068540222205109
 0.11231569095938901
 0.1139266567544636
 0.11551673507233215
 0.11708444660016362
 0.11862840224997413
 0.12014730565844876
 0.12163995376105488
 0.12310523588199318
 0.12454213169948999
 0.12594970835678845
 0.12732711695844354
 0.12867358862675354
 0.12998843026923146
 0.13127102017226924
 0.13252080351001633
 0.13373728783450231
 0.13492003859516974
 0.13606867471500408
 0.13718286424565604
 0.13826232010284892
 0.13930679588677095
 0.14031608177580404
 0.14129000048759657
 0.14222840329126551
 0.14313116605823289
 0.14399818533693437
 0.14482937443738839
 0.14562465951186723
 0.14638397562009253
 0.14710726276818009
 0.14779446191036019
 0.14844551090685729
 0.14906034042832692
 0.14963886980131175
 0.15018100278842339
 0.15068662329601512
 0.15115559100494433
 0.15158773691731114
 0.15198285881301368
 0.15234071660823983
 0.15266102760940919
 0.15294346165097403
 0.15318763611080757
 0.15339311078728651
 0.15355938262969532
 0.15368588030491184
 0.15377195858750173
 0.15381689255391262
 0.15381987156429047
 0.15377999301159631
 0.15369625581624263
 0.15356755364387423
 0.15339266782239727
 0.15317025993188063
 0.15289886404182162
 0.15257687856818034
 0.15220255772307104
 0.15177400253280263
 0.15128915140222585
 0.15074577021493521
 0.1501414419764201
 0.14947355603984952
 0.14873929702148733
 0.14793563362770154
 0.14705930783223728
 0.14610682523275409
 0.14507444813494508
 0.14395819421364628
 0.14275384598181123
 0.14145698063290282
 0.14006303889675861
 0.13847990027782689
 0.53702562134663279
 0.60429916398044781
 0.60172134519242215
 0.59941928569074587
 0.59731948627653064
 0.59539790009963867
 0.59363465638942947
 0.59206010410478682
 0.5907283623994708
 0.59291744090010468
 0.59328440442174046
 0.59204836462215715
 0.59090112290901398
 0.59008886348399536
 0.59384518066549907
 0.5929112388943838
 0.59202748295560503
 0.59120234229952295
 0.59043379859775325
 0.59284949232292572
 0.59208260050104944
 0.59161654177096801
 0.59091125589483462
 0.59041745534960643
 0.59145048718066007
 0.59213576743409957
 0.59168306080672972
 0.5924251381995137
 0.59312068689936337
 0.59265663365641952
 0.59211920804371621
 0.59162229769945862
 0.59116405365885927
 0.59089448876276274
 0.59176029487200832
 0.59239811777392382
 0.592682911807764
 0.59230123354741049
 0.59190088015066211
 0.59153076349273259
 0.59120010318755456
 0.59090702237471338
 0.59082025652506498
 0.59070377835802146
 0.5921658587053189
 0.59323469492104497
 0.59308165828448223
 0.59280926966366654
 0.59255351934849354
 0.59231967550965547
 0.59210559198509816
 0.5919090260805111
 0.59172763081903723
 0.59155824419638348
 0.59139454297254113
 0.59121783205974476
 0.5910589621964315
 0.59115037641657386
 0.59127133443766999
 0.59135847565107968
 0.59139533615132123
 0.59163224942255899
 0.59184122016965024
 0.59193314187276858
 0.59197205726636271
 0.5919936534397835
 0.5919916501661322
 0.59196414622871718
 0.59192528181900361
 0.5918864816841034
 0.59185204006374714
 0.59182077270484945
 0.59179306132605936
 0.59176462725135559
 0.59172185298043434
 0.5916590120752715
 0.59158927264232997
 0.59152367095638603
 0.59146427685641367
 0.59141013819706489
 0.59136021035907327
 0.59131382288467771
 0.59127057055694454
 0.59123018312224318
 0.59119245292202127
 0.59115720303250963
 0.59112427471257634
 0.5910935225280568
 0.59106481221052065
 0.59103801943024747
 0.59101302891255691
 0.59098973367761443
 0.59096803437751377
 0.59094783869387779
 0.59092906079081708
 0.59091162081640325
 0.59089544444960096
 0.59088046248360193
 0.59086661044627931
 0.59085382825214172
 0.59084205988458005
 0.59083125309888163
 0.59082135915714684
 0.59081233257795551
 0.590804130907569
 0.59079671451358551
 0.59079004638597588
 0.59078409196151116
 0.59077881895972584
 0.59077419722300528
 0.59077019858425339
 0.5907667967319753
 0.59076396709007417
 0.59076168670226992
 0.59075993413630346
 0.59075868937867426
 0.59075793375169217
 0.59075764982718804
 0.59075782135017207
 0.59075843316837817
 0.59075947116366434
 0.59076092219170928
 0.5907627740231044
 0.59076501529031666
 0.59076763543794986
 0.59077062467434849
 0.59077397392970243
 0.59077767481452925
 0.59078171958122905
 0.59078610108865748
 0.59079081276932499
 0.59079584859612433
 0.59080120305754491
 0.59080687112180563
 0.59081284821718427
 0.59081913020799059
 0.59082571336658585
 0.59083259435509661
 0.59083977020228717
 0.59084723828525854
 0.59085499631005112
 0.59086304229360531
 0.59087137454594651
 0.59087999165398908
 0.59088889246546938
 0.59089807607491796
 0.59090754180524696
 0.5909172891954918
 0.59092731798606724
 0.59093762810535644
 0.59094821965440736
 0.59095909289324822
 0.59097024822844757
 0.59098168619931102
 0.5909934074629779
 0.59100541278043039
 0.59101770300589296
 0.59103027906708783
 0.59104314195517094
 0.59105629270913596
 0.59106973239883265
 0.59108346211116103
 0.59109748293257847
 0.59111179593304219
 0.59112640214893764
 0.59114130256370379
 0.59115649808960125
 0.59117198954837369
 0.59118777764932751
 0.59120386296808436
 0.59122024592421951
 0.59123692675632544
 0.59125390549593404
 0.59127118194322859
 0.59128875563635952
 0.59130662582158577
 0.59132479142350147
 0.5913432510101202
 0.59136200275743822
 0.59138104441216732
 0.59140037325343386
 0.5914199860481052
 0.59143987900828798
 0.59146004774267436
 0.59148048720832325
 0.59150119165495629
 0.59152215457034552
 0.5915433686198377
 0.59156482558345214
 0.59158651628778924
 0.59160843053468404
 0.59163055702713241
 0.59165288328615073
 0.5916753955671975
 0.59169807876949321
 0.59172091633993429
 0.59174389017086115
 0.59176698049288834
 0.59179016575887544
 0.59181342252464153
 0.59183672531748754
 0.59186004650109858
 0.59188335612911391
 0.59190662179572895
 0.5919298084630169
 0.59195287829942611
 0.5919757904897206
 0.59199850104098006
 0.59202096257797265
 0.59204312412504012
 0.59206493087251066
 0.59208632393309202
 0.59210724008053606
 0.5921276114745182
 0.59214736536806101
 0.5921664237978026
 0.59218470325468331
 0.59220211434041059
 0.59221856139118167
 0.59223394209454661
 0.59224814707075057
 0.59226105943718532
 0.59227255434177095
 0.59228249847042092
 0.59229074952929772
 0.59229715568678443
 0.59230155498883841
 0.59230377474358342
 0.59230363085838733
 0.59230092714600557
 0.59229545458235933
 0.59228699052786271
 0.59227529788834343
 0.59226012421810559
 0.59224120074589948
 0.59221824129126843
 0.59219094103893444
 0.59215897516431615
 0.59212199741508087
 0.5920796389807973
 0.59203150826731743
 0.59197719233746204
 0.59191626088936322
 0.59184827548289121
 0.59177281616959754
 0.59168956753950552
 0.59159860713316903
 0.59150199352233535
 0.59141913580422734
 0.59147289898918975
 0.59156174244523518
 0.59146365185302829
 0.59140964839492383
 0.59179086577442397
 0.592373370103212
 0.5923707220930805
 0.59212645123537999
 0.59184239060293553
 0.5915616358022332
 0.59134174752506674
 0.59139171035801763
 0.59207028635730652
 0.59289599848444863
 0.59308102350722369
 0.59267515735790721
 0.59211163507036857
 0.59152060871668088
 0.59091693617259577
 0.59043790493338322
 0.59100122284450529
 0.59217106689816335
 0.5929349797775284
 0.59229689507454808
 0.59134784853452549
 0.59050817669098465
 0.5925627822765076
 0.59181118135779809
 0.59122292217875905
 0.59179485277625687
 0.59198728915479804
 0.59192020330346806
 0.59186503699627224
 0.59179647115270984
 0.59165095767436549
 0.59156234238123317
 0.59154596731205444
 0.59326422905210185
 0.59460313627267902
 0.5920140577288513
 0.58926499453786807
 0.59057015424843895
