# Created by Octave 5.2.0, Fri Sep 04 06:09:37 2020 CEST <tkanas@tkanas>
# name: p
# type: matrix
# rows: 401
# columns: 1
 0.077636399166304257
 0.087742623719127194
 0.07817776112116491
 0.085585496271581393
 0.087342061297585288
 0.089103210383671333
 0.090866915587617211
 0.092630793468149758
 0.094392202458234209
 0.10272383322364875
 0.098012870584896383
 0.099749462993648022
 0.10147222367715127
 0.10317852847583629
 0.10486588844026258
 0.10653198071762486
 0.10817466048097028
 0.10979196594334448
 0.11138211799607727
 0.11294351577520811
 0.11447472935091987
 0.11597449045034722
 0.11744168200756634
 0.11887532713102926
 0.12027457793229863
 0.12163870454045472
 0.12296708452184042
 0.12425919283458724
 0.12551459239834536
 0.12673292528715846
 0.12791390455557841
 0.12905730664031273
 0.13016296427801227
 0.13123075987499752
 0.13226061922617249
 0.13325250545090828
 0.13420643333415266
 0.12600938269948916
 0.13594239085599866
 0.13678437602314142
 0.13758859637489748
 0.13835512114582937
 0.1390840425256476
 0.13977545165860422
 0.14042943447929529
 0.14104606738448755
 0.14162541278716001
 0.14216751456656179
 0.14267239342524826
 0.14314004214863305
 0.14357042077618576
 0.14396345166316285
 0.14431901444183404
 0.14463694086288043
 0.14491700951460265
 0.14515894040683719
 0.1453623894102806
 0.14552694253589665
 0.14565211004207479
 0.145737320354208
 0.14578191377951424
 0.1457851359932372
 0.14574613128661679
 0.14566393554002743
 0.14553746890853747
 0.14536552818647547
 0.1451467788269821
 0.14487974658477057
 0.14456280875147914
 0.14419418495474751
 0.14377192748679615
 0.1432939111398345
 0.14275782252727104
 0.14216114889237164
 0.14150116643947294
 0.14077492828845867
 0.13997925228653968
 0.13911070913795101
 0.13816561177041689
 0.13714000767022616
 0.13602967745509784
 0.13483014581299846
 0.13353671622255825
 0.13214455074455839
 0.12995296140225135
 0.63239102414230042
 0.62769843470807218
 0.62362860731713354
 0.62006021772093611
 0.61690842257858147
 0.61410628301984627
 0.61160057825232728
 0.60934857284454991
 0.60731558188580848
 0.60547315088824161
 0.60379769386462512
 0.60226946860609631
 0.60087179954482561
 0.59959048295690931
 0.59841332729125973
 0.59732979440973155
 0.59633071685422623
 0.59540807290823916
 0.59455480600715671
 0.59376467992229121
 0.59303223607582201
 0.59235339494071804
 0.59172760932143031
 0.5911755323504817
 0.59096275335723059
 0.59192660424135934
 0.59291861101266685
 0.59255807627705659
 0.59204761606549616
 0.59162023782393292
 0.59119922009514092
 0.5910329560124834
 0.5917185915470845
 0.59275914433372645
 0.59260206022402728
 0.59219380853267944
 0.59179785905567761
 0.59143493411584658
 0.59124339097067879
 0.59113385486867842
 0.59153720726435688
 0.59152748953764422
 0.59182438592367326
 0.5919268934600207
 0.59193662128078905
 0.59192393202289351
 0.59188753248931614
 0.59184545208694816
 0.59182526232783916
 0.5917738125463371
 0.59173926967696522
 0.59174262390044174
 0.59169558362771024
 0.59161427180529336
 0.5915634228404163
 0.59151071327883953
 0.59141127790456083
 0.59129362902952054
 0.59117823016845905
 0.5910704505029265
 0.59097081283214181
 0.5908788415414794
 0.59079394006277475
 0.59071554090618017
 0.59064311595365915
 0.60058621735597617
 0.5908079180981215
 0.59122094524244784
 0.59146466181623147
 0.59153897235377162
 0.59161551258340028
 0.591635139966878
 0.59159562561675616
 0.59153353579552503
 0.59146874042180064
 0.59140747907524971
 0.59135101265511347
 0.59129925933507499
 0.59125186383807726
 0.59120845375412534
 0.59116868804557376
 0.59113226086629034
 0.59109889789943448
 0.59106835232243504
 0.59104040135185743
 0.59101484333869791
 0.59099149530295902
 0.59097019082286917
 0.59095077822098185
 0.59093311899117595
 0.59091708643589125
 0.59090256447533596
 0.59088944660702425
 0.59087763498967627
 0.59086703963688358
 0.59085757769990532
 0.59084917283409322
 0.59084175463127642
 0.59083525811398907
 0.59082962327918953
 0.59082479469153748
 0.59082072111309047
 0.59081735516994671
 0.59081465305023495
 0.59081257422982592
 0.59081108122164827
 0.59081013934827331
 0.59080971653384573
 0.59080978311362453
 0.59081031165953812
 0.59081127681882073
 0.59081265516982306
 0.59081442508290183
 0.59081656659840109
 0.59081906131108708
 0.59082189226391479
 0.59082504384979206
 0.59082850172188839
 0.59083225270868411
 0.59083628473719174
 0.59084058676104756
 0.59084514869329607
 0.59084996134510603
 0.59085501636819071
 0.59086030620077645
 0.5908658240193102
 0.59087156369091065
 0.59087751973117852
 0.59088368726365337
 0.59089006198339822
 0.59089664012064846
 0.59090341840934613
 0.5909103940562187
 0.59091756471317103
 0.59092492844870637
 0.59093248372464391
 0.59094022937163326
 0.59094816456712329
 0.59095628881465656
 0.59096460192386324
 0.59097310399169622
 0.59098179538461615
 0.59099067672188887
 0.59099974885938678
 0.59100901287325869
 0.59101847004663499
 0.59102812185341003
 0.59103796994540392
 0.59104801613848679
 0.59105826239900039
 0.59106871083095225
 0.59107936366294977
 0.59109022323511473
 0.5911012919869465
 0.59111257244317839
 0.59112406720232413
 0.59113577892237501
 0.59114771030757274
 0.59115986409537524
 0.59117224304155935
 0.59118484990596942
 0.59119768743789158
 0.5912107583598819
 0.5912240653519506
 0.59123761103447159
 0.59125139795002779
 0.59126542854588049
 0.59127970515282402
 0.59129422996590342
 0.59130900502231454
 0.5913240321779144
 0.59133931308348864
 0.59135484915892567
 0.5913706415658051
 0.59138669117907938
 0.59140299855588319
 0.59141956390371608
 0.59143638704542889
 0.59145346738344395
 0.59147080386015671
 0.59148839491766481
 0.59150623845361883
 0.59152433177476227
 0.59154267154780149
 0.59156125374748114
 0.59158007360049336
 0.59159912552680449
 0.59161840307721125
 0.59163789886686813
 0.59165760450449123
 0.59167751051801076
 0.59169760627532564
 0.59171787989937785
 0.59173831817988154
 0.59175890647792118
 0.59177962862591194
 0.59180046682125642
 0.591821401512998
 0.59184241128339499
 0.59186347272049888
 0.59188456028382597
 0.59190564616310282
 0.59192670012724802
 0.59194768936509279
 0.59196857831691652
 0.59198932849590802
 0.59200989829911843
 0.59203024280793326
 0.59205031357584326
 0.59207005840572069
 0.59208942111228968
 0.59210834127243495
 0.5921267539605185
 0.59214458946859982
 0.59216177301030926
 0.59217822440923384
 0.59219385776731637
 0.59220858111662877
 0.59222229605027732
 0.59223489733215118
 0.59224627248549344
 0.59225630135790586
 0.59226485566135834
 0.59227179848711098
 0.5922769837933779
 0.59228025586333244
 0.59228144873648314
 0.59228038561125174
 0.5922768782314104
 0.59227072628889454
 0.59226171693947294
 0.59224962467945674
 0.59223421215979288
 0.59221523308506108
 0.59219243907923946
 0.59216559264007385
 0.59213448649784362
 0.59209896371006532
 0.59205892232567991
 0.59201427826313335
 0.59196486056699915
 0.59191023544819266
 0.59184950344178466
 0.59178116034044692
 0.59170306452301435
 0.59161331730388678
 0.59152403133983111
 0.5914398330805124
 0.59134938942869242
 0.59133008845398682
 0.59149496854104822
 0.59139705649734242
 0.59127625276834872
 0.59152632996732202
 0.59225833164846209
 0.59229397947490459
 0.59203861498740906
 0.59174837868869556
 0.59150081942495436
 0.59170849816573201
 0.59236861669033303
 0.59221401692130171
 0.59180564704812488
 0.59138599283766857
 0.59142063346630658
 0.59250787425869444
 0.59219741906106416
 0.59162806439720406
 0.59115485535718526
 0.59197741236767898
 0.59181643962887576
 0.59139506619734816
 0.59158982483691935
 0.5918599229325292
 0.59238512967252965
 0.59188637943809896
 0.59137888296149177
 0.59173486997381219
 0.59184137283754101
 0.59180125430397723
 0.59177483962777933
 0.59184712994131061
 0.59176558129075918
 0.5917357619603909
 0.59163973815239357
 0.59149056133233724
 0.59313930202350562
 0.59506087660500906
 0.59219080258625145
 0.58927371015422658
 0.59128463826685174
