# Created by Octave 5.2.0, Fri Sep 04 04:30:57 2020 CEST <tkanas@tkanas>
# name: p
# type: matrix
# rows: 401
# columns: 1
 0
 0
 0
 0
 0
 0
 0
 0
 0
 0
 0
 0
 0
 0
 0
 0
 0
 0
 0
 0
 0
 0
 0
 0
 0
 0
 0
 0
 0
 0
 0
 0
 0
 0
 0
 0
 0
 0
 0
 0
 0
 0
 0
 0
 0
 0
 0
 0
 0
 0.12723499522521894
 0.12723499522521894
 0.12723499522521894
 0.12723499522521894
 0.12723499522521894
 0.12723499522521894
 0.12723499522521894
 0.12723499522521894
 0.12723499522521894
 0.12723499522521894
 0.12723499522521894
 0.12723499522521894
 0
 0
 0
 0
 0
 0
 0
 0
 0
 0
 0
 0
 0
 0
 0
 0
 0
 0
 0
 0
 0
 0
 0.74017796192487095
 0.74017796192487095
 0.74017796192487095
 0.74017796192487095
 0.6233980042901861
 0.6233980042901861
 0.6233980042901861
 0.6233980042901861
 0.6233980042901861
 0.6233980042901861
 0.6233980042901861
 0.6233980042901861
 0.6233980042901861
 0.62293832079981981
 0.62293832079981981
 0.62293832079981981
 0.62293832079981981
 0.62293832079981981
 0.62293832079981981
 0.62293832079981981
 0.62293832079981981
 0.62293832079981981
 0.62293832079981981
 0.62293832079981981
 0.62293832079981981
 0.62293832079981981
 0.62293832079981981
 0.62293832079981981
 0.62293832079981981
 0.62293832079981981
 0.62293832079981981
 0.62293832079981981
 0.73971827843450477
 0.73971827843450477
 0.73971827843450477
 0.73971827843450477
 0.73971827843450477
 0.73971827843450477
 0
 0
 0
 0
 0
 0
 0
 0
 0
 0
 0
 0
 0
 0
 0
 0
 0
 0
 0
 0
 0
 0
 0
 0
 0
 0
 0
 0
 0.26892243263093818
 0.26412565865759768
 0.26412565865759768
 0.26412565865759768
 0.26412565865759768
 0.26412565865759768
 0.26412565865759768
 0.26412565865759768
 0.26412565865759768
 0.26412565865759768
 0.26412565865759768
 0.26366597516723145
 0.26366597516723145
 0.26366597516723145
 0.26366597516723145
 0.26412565865759768
 0
 0.12197853776151221
 0.12197853776151223
 0.12197853776151221
 0.12197853776151221
 0.14734570102291275
 0.14734570102291275
 0
 0
 0
 0
 0
 0
 0
 0
 0
 0
 0
 0
 0.31452172093121511
 0.31452172093121511
 0.28915455766981457
 0.16717601990830236
 0.16717601990830236
 0.17237460003512964
 0.17237460003512964
 0.17237460003512964
 0.17237460003512964
 0.17237460003512964
 0.17237460003512964
 0.17237460003512964
 0.17237460003512964
 0.17237460003512964
 0.17237460003512964
 0.17237460003512964
 0.17237460003512964
 0.17237460003512964
 0.17237460003512964
 0.17237460003512964
 0.17237460003512964
 0.17237460003512964
 0.17237460003512964
 0.17237460003512964
 0.17237460003512964
 0.17237460003512964
 0.17237460003512964
 0.17237460003512964
 0.17237460003512964
 0.17237460003512964
 0.17237460003512964
 0.17237460003512964
 0.17237460003512964
 0.17237460003512964
 0.17283428352549587
 0.17283428352549587
 0.17283428352549587
 0.17283428352549587
 0.17283428352549587
 0.17283428352549587
 0.17283428352549587
 0.17283428352549587
 0.17283428352549587
 0.19774176329653018
 0.19774176329653018
 0.1925431831697029
 0.1925431831697029
 0.1925431831697029
 0.1925431831697029
 0.1925431831697029
 0
 0
 0
 0
 0
 0
 0
 0.025367163261400538
 0.025367163261400538
 0.025367163261400538
 0
 0
 0
 0
 0
 0
 0
 0
 0
 0
 0
 0.26892243263093818
 0.26892243263093824
 0.26892243263093818
 0.14694389486942597
 0.14694389486942597
 0.14694389486942597
 0.26892243263093818
 0.26892243263093818
 0.26892243263093818
 0
 0
 0
 0
 0
 0
 0
 0
 0
 0
 0
 0
 0
 0
 0
 0
 0
 0
 0
 0
 0
 0
 0.86215649968638319
 0.85735972571304264
 0.85735972571304264
 0.85735972571304264
 0.85735972571304264
 0.85735972571304264
 0.85735972571304264
 0.85735972571304264
 0.80696366343942516
 0.80696366343942516
 0.80696366343942516
 0.80696366343942516
 0.80696366343942516
 0.80696366343942516
 0.80696366343942516
 0.80696366343942516
 0.80696366343942516
 0.80696366343942516
 0.78159650017802473
 0.78159650017802473
 0.78159650017802473
 0.78159650017802473
 0.78159650017802473
 0.78159650017802473
 0.78159650017802473
 0.78159650017802473
 0.78159650017802473
 0.78159650017802473
 0.78685295764173147
 0.78685295764173147
 0.78685295764173147
 0.78685295764173147
 0.78685295764173147
 0.78685295764173147
 0.78685295764173147
 0.78685295764173147
 0.78685295764173147
 0.78685295764173147
 0.78685295764173147
 0.78685295764173147
 0.78685295764173147
 0.78685295764173147
 0.78685295764173147
 0.78685295764173147
 0.78685295764173147
 0.78685295764173147
 0.78685295764173147
 0.78685295764173147
 0.78685295764173147
 0.78685295764173147
 0.78685295764173147
 0.78685295764173147
 0.78685295764173147
 0.7152704821538366
 0.7152704821538366
 0.7152704821538366
 0.7152704821538366
 0.7152704821538366
 0.7152704821538366
 0.7152704821538366
 0.86215649968638319
 0.86215649968638319
 0
 0
 0
 0
 0
 0
 0
 0
 0
 0
 0
 0
 0
 0
 0
 0
 0
 0
 0
 0
 0
 0
 0
 0
 0
 0
 0
 0
 0
 0
 0
 0
 0
 0
 0
 0
 0
 0
 0
 0
 0
 0
 0
 0
 0
 0
 0
 0
 0
 0
 0
 0
 0


