# Created by Octave 5.2.0, Sat Sep 05 05:46:45 2020 CEST <tkanas@tkanas>
# name: p
# type: matrix
# rows: 301
# columns: 1
 0.65700171913021743
 0.74394352517375462
 0.667701763300525
 0.73323509781841845
 0.75217774527605363
 0.77161180825560893
 0.79150856342989895
 0.81183100595107294
 0.83253293876927748
 0.91123273133232741
 0.87633477109714764
 0.89790135822927908
 0.91961272064927102
 0.94140523750874172
 0.96321341843921793
 0.98497206856817454
 1.0066171620896514
 1.0280866383956915
 1.0493211140808232
 1.0702645038098499
 1.0908645437719389
 1.1110732132571592
 1.1308470524280341
 1.1501473772437145
 1.1689403953945812
 1.1871972297737852
 1.2048938582428645
 1.2220109801470109
 1.2385338211349548
 1.2544518883767757
 1.2697586882904666
 1.2844514185194509
 1.2985306452329279
 1.3119999760074328
 1.3248657377277691
 1.3371366679645251
 1.3488247793742119
 1.2689311791024607
 1.3697680316125223
 1.3797721639420573
 1.3892479640766635
 1.3982100218830806
 1.4066746563835164
 1.4146585632770203
 1.4221786261172256
 1.4292517535645723
 1.4358947394643986
 1.4421241427840084
 1.4479561848257734
 1.4534066613957999
 1.4584908677891077
 1.4632235222213779
 1.4699125884836286
 1.4759835226090368
 1.4800781463971195
 1.4839004546756449
 1.4874638574814196
 1.490781190325472
 1.4938647012247768
 1.4967260512822942
 1.49937631889617
 1.5018260068712967
 1.5040850518121167
 1.5061628352667753
 1.5080681961665792
 1.5098094441686547
 1.5113943735604169
 1.5128302774285796
 1.5141239618337066
 1.515281759759491
 1.5163095446327022
 1.5172127432306408
 1.5179963478058811
 1.5186649272713264
 1.5192226372914988
 1.5196732291287396
 1.5200200570859206
 1.5202660843735838
 1.5204138872113053
 1.5204656569400381
 1.5204231998771598
 1.5202879345870426
 1.5200608861531664
 1.5197426769217901
 1.5193335130337302
 1.5188331658366261
 1.5182409469817968
 1.5175556755957893
 1.516775635358083
 1.5158985185461096
 1.514921353045884
 1.5138404068750255
 1.5126510627760852
 1.5113476527313763
 1.5099232385858883
 1.5083693200342749
 1.5066754446560284
 1.5048286860153204
 1.5028129452824355
 1.5006006004228123
 2.9945441786446407
 2.9875230788723499
 2.9822854760595341
 2.9782295823336584
 2.9749997421860872
 2.9723701563552751
 2.9701906926004114
 2.9683577624901658
 2.9667977097077314
 2.965456850526544
 2.9642952467531725
 2.9632826722290107
 2.9623959214574782
 2.9616169692133689
 2.9609316877582694
 2.9603289417110483
 2.9597999487471012
 2.9593378376704189
 2.9589373655445619
 2.9585947796417607
 2.9583078332465846
 2.958075991760361
 2.9579009029410352
 2.9577872605001918
 2.9577459362023042
 2.9968758026780926
 2.9574179670910263
 2.9571404563801296
 2.9569338661775033
 2.9567832178452123
 2.9566797616299718
 2.9566176326357936
 2.9565928184580117
 2.9566025184338298
 2.9566447423867159
 2.9567180565235445
 2.9568214202848337
 2.9569540798017995
 2.9571154968670985
 2.9573053003892462
 2.9575232522277242
 2.9577692223279901
 2.9580431699372065
 2.9583451288385629
 2.9586751952614665
 2.9590335175776548
 2.9594202871815916
 2.9598357301368701
 2.960280099290828
 2.9607536666375429
 2.961256715762481
 2.9617895342375502
 2.9623524058590918
 2.9629456026381704
 2.9635693764632451
 2.9642239503632242
 2.9649095093031184
 2.9656261904469541
 2.9663740728261474
 2.967153166350744
 2.9679634001041837
 2.9688046098637746
 2.9696765247924484
 2.9705787532533141
 2.9715107677052051
 2.9724718886481343
 2.973461267599443
 2.9744778690975338
 2.975520451748114
 2.9765875483466262
 2.9776774451359547
 2.9787881602808404
 2.9799174216699384
 2.9810626441899455
 2.9822209066565173
 2.9833889286427113
 2.9845630475203597
 2.98573919613936
 2.9869128817257669
 2.9880791668075952
 2.989232653305709
 2.9903674714043995
 2.9914772755000456
 2.9925552505153346
 2.9935941332825928
 2.9945862557408893
 2.9955236196199619
 2.9963980164879715
 2.9972012130610621
 2.9979252302688346
 2.998562756786368
 2.9991077550021012
 2.9995563415692281
 2.9999080740867896
 3
 3
 3
 3
 2.9979547908618995
 2.9959515277220694
 1.5005387249166076
 1.5005848344679904
 1.5005916458229076
 1.5005724517335945
 1.5005347077131201
 1.5004855279812375
 1.50043153947319
 1.5003787828861614
 1.5003326453076606
 1.5002978131182123
 1.5002782374018966
 1.5002771070860941
 1.5002968273266266
 1.500339002278118
 1.5004044224311319
 1.5004930572697375
 1.5006040542180483
 1.5007357447981189
 1.5008856586975474
 1.5010505461094501
 1.5012264083163427
 1.5014085360832443
 1.5015915550372141
 1.5017694768672429
 1.5019357548967533
 1.5020833423766446
 1.502204751728571
 1.5022921129388469
 1.5023372293633366
 1.5023316293421618
 1.5022666122292538
 1.5021332876918816
 1.5019226074115948
 1.5016253885953201
 1.5012323289667397
 1.5007340131388616
 1.5001209104617637
 1.4993833645926233
 1.4985115751508256
 1.497495571903559
 1.4963251819809698
 1.494989990651542
 1.4934792961995582
 1.4917820594378957
 1.489886848368172
 1.4877817784587086
 1.4854544489589672
 1.4828918755985614
 1.4800804199435675
 1.4770057155931384
 1.4736525913104737
 1.4700049910909838
 1.4660458910838683
 1.4617572132051666
 1.4571197352083995
 1.4521129969196815
 1.4467152022898482
 1.4409031168703088
 1.4346519602755876
 1.4279352931522846
 1.4207248981332916
 1.4129906542059605
 1.4047004038725412
 1.3958198124238943
 1.3863122185801273
 1.3761384756787554
 1.3652567825071871
 1.3536225027819271
 1.3411879721703004
 1.3279022916330152
 1.3137111057327684
 1.2985563644035767
 1.2823760665077453
 1.2651039833092752
 1.2466693597578573
 1.2269965911953267
 1.2060048727439223
 1.1836078181957042
 1.1597130446692729
 1.1342217186006416
 1.1070280577571521
 1.078018782847973
 1.0470725108990286
 1.0140590807614551
 0.97883879881574498
 0.94126158994754383
 0.90116603497330461
 0.85837827057881932
 0.81271072109043252
 0.7639606225251282
 0.71190828780817739
 0.65631504746662905
 0.59692078311470043
 0.53344095541014258
 0.46556302666045579
 0.3929422282596422
 0.31519682700017337
 0.23190367329105704
 0.14259657205458284
 0.047116671314175379
 0


