# Created by Octave 5.2.0, Sat Sep 05 05:05:54 2020 CEST <tkanas@tkanas>
# name: p
# type: matrix
# rows: 401
# columns: 1
 0
 0
 0
 0
 0
 0
 0
 0
 0
 0
 0
 0
 0
 0
 0
 0
 0
 0
 0
 0
 0
 0
 0
 0
 0
 0
 0
 0
 0
 0
 0
 0
 0
 0
 0
 0
 0
 0
 0
 0
 0
 0
 0
 0
 0
 0
 0
 0
 0
 0.21590865523057332
 0.21590865523057332
 0.21590865523057332
 0.21590865523057332
 0.21590865523057332
 0.21590865523057332
 0.21590865523057332
 0
 0
 0
 0
 0
 0
 0
 0
 0
 0
 0
 0
 0
 0
 0
 0
 0
 0
 0
 0
 0
 0
 0
 0
 0
 0
 0.82055862634288557
 0.82055862634288557
 0.81829669915047687
 0.81829669915047687
 0.81829669915047687
 0.69659716262045035
 0.62742891388094557
 0.61647428616063804
 0.61389761240817375
 0.60576339089886944
 0.60691189830472114
 0.60691189830472114
 0.60691189830472114
 0.60691189830472114
 0.60691189830472114
 0.61221713471796613
 0.61167290178642586
 0.61167290178642586
 0.61146621499343934
 0.61146621499343934
 0.61146621499343934
 0.60473297087238975
 0.60464997111231256
 0.60464997111231256
 0.60464997111231256
 0.60464997111231256
 0.60464997111231256
 0.60464997111231256
 0.60464997111231256
 0.60464997111231256
 0.60464997111231256
 0.60464997111231256
 0.72367718470574549
 0.72367718470574549
 0.72367718470574549
 0.72367718470574549
 0.78474556791599914
 0.82101689283724211
 0
 0
 0
 0
 0
 0
 0
 0
 0
 0
 0
 0
 0.012986048927462831
 0.012986048927462831
 0.012986048927462831
 0
 0
 0
 0
 0
 0
 0
 0
 0
 0
 0
 0
 0
 0
 0
 0.81999867889240641
 0
 0.0097059077902181302
 0.0097059077902181302
 0
 0.21534870778009413
 0.21534870778009413
 0.21534870778009413
 0.2153487077800941
 0.21534870778009413
 0.21534870778009413
 0.21534870778009413
 0.21534870778009413
 0.21534870778009413
 0.21534870778009413
 0.21534870778009413
 0.036271324921243221
 0
 0
 0.079789224285307991
 0.079789224285307991
 0.079789224285307991
 0.079789224285307991
 0
 0
 0
 0
 0
 0
 0
 0
 0
 0
 0
 0
 0
 0.26501258730037219
 0.25576494600451066
 0.25576494600451066
 0.25576494600451066
 0.25576494600451066
 0.13171503099799486
 0.13171503099799486
 0.13171503099799486
 0.087637184183450928
 0.087637184183450928
 0.087637184183450928
 0.087637184183450928
 0.087637184183450928
 0.051365859262207707
 0.051365859262207707
 0.051365859262207707
 0.051365859262207707
 0.051365859262207707
 0.051365859262207707
 0.051365859262207707
 0.051365859262207707
 0.051365859262207707
 0.053627786454616501
 0.053627786454616501
 0.053627786454616501
 0.053627786454616501
 0.053627786454616501
 0.051365859262207707
 0.051365859262207707
 0.051365859262207707
 0.051365859262207707
 0.051365859262207707
 0.051365859262207707
 0.051365859262207707
 0.051365859262207707
 0.051365859262207707
 0.051365859262207707
 0.087637184183450928
 0.087637184183450928
 0.087637184183450928
 0.088655398128286836
 0.085375256991042134
 0.13171503099799486
 0.13171503099799486
 0.13171503099799486
 0.25576494600451066
 0.25576494600451066
 0.25576494600451066
 0.25576494600451066
 0.25576494600451066
 0
 0
 0
 0
 0
 0
 0
 0
 0
 0
 0
 0.016532269901353334
 0.016532269901353334
 0
 0
 0
 0
 0
 0
 0
 0
 0.21534870778009413
 0.21534870778009413
 0.21534870778009413
 0.21534870778009413
 0.21534870778009413
 0.21534870778009413
 0.21636692172493002
 0
 0
 0
 0
 0
 0
 0
 0
 0
 0
 0
 0
 0
 0
 0
 0
 0
 0
 0
 0
 0
 0
 0.82101689283724211
 0.82101689283724211
 0.81875496564483363
 0.81875496564483363
 0.81875496564483363
 0.81875496564483363
 0.81875496564483363
 0.81875496564483363
 0.76738910638262581
 0.76738910638262581
 0.76738910638262581
 0.76738910638262581
 0.76738910638262581
 0.76738910638262581
 0.76738910638262581
 0.76693083988826916
 0.76693083988826916
 0.76693083988826916
 0.76693083988826916
 0.76693083988826916
 0.76693083988826916
 0.76693083988826916
 0.76693083988826916
 0.76738910638262581
 0.76738910638262581
 0.76738910638262581
 0.76738910638262581
 0.76738910638262581
 0.76738910638262581
 0.76103112899585568
 0.76103112899585568
 0.76103112899585568
 0.76082444220286916
 0.76082444220286916
 0.76082444220286916
 0.75814146508676428
 0.75814146508676428
 0.75814146508676428
 0.75814146508676428
 0.75994512578481666
 0.75994512578481666
 0.75994512578481666
 0.75994512578481666
 0.75994512578481666
 0.75892691183998062
 0.75892691183998062
 0.75892691183998062
 0.75938517833433739
 0.75938517833433739
 0.75938517833433739
 0.75938517833433739
 0.81075103759654499
 0.81075103759654499
 0.81075103759654499
 0.81075103759654499
 0.81075103759654499
 0.81075103759654499
 0.81075103759654499
 0.81075103759654499
 0.81176925154138091
 0.81176925154138091
 0
 0
 0
 0
 0
 0
 0
 0
 0
 0
 0
 0
 0
 0
 0
 0
 0
 0
 0
 0
 0
 0
 0
 0
 0
 0
 0
 0
 0
 0
 0
 0
 0
 0
 0
 0
 0
 0
 0
 0
 0
 0
 0
 0
 0
 0
 0
 0
 0
 0
 0
 0
 0
 0


