# Created by Octave 5.2.0, Sat Sep 05 05:39:36 2020 CEST <tkanas@tkanas>
# name: p
# type: matrix
# rows: 201
# columns: 1
 1.705489330157044
 1.5572020570685934
 1.6439835893512627
 1.6837043231559052
 1.7965656512891133
 1.8002177612535708
 1.8672157251768053
 1.9391336244071629
 2.0140964876505141
 2.0897287287461674
 2.1648206648702319
 2.239746331860867
 2.3150650960719394
 2.3897554007049688
 2.4610653418350563
 2.5260995569590761
 2.583498654252137
 2.633794968777956
 2.588439487007407
 2.7169587774617856
 2.7529459257437248
 2.7849986158333642
 2.8131230666050415
 2.8376495004280771
 2.8591509395695711
 2.8781742132625117
 2.9016225486197169
 2.9192771964360129
 2.9330417339924484
 2.9444935902944707
 2.9537153244737815
 2.9610402827104583
 2.9669834268559838
 2.9721008955592376
 2.9768428546797412
 2.981453917122157
 2.9859482720622901
 2.9901567143546761
 2.9938202214725291
 2.9966952409479521
 2.9986385175171435
 2.9996507858960326
 2.999874166378067
 2.9995539614449842
 2.9989816854093978
 2.9984200000372421
 2.9980385449579243
 2.998128664235717
 2.99818698196361
 2.9996692540931811
 2.998031777291394
 2.9949390157091544
 2.9945661786527555
 2.9999954552848296
 3
 2.9989078135271243
 2.9983290753222001
 2.9999999953233027
 2.9994574178373763
 2.9960588838412945
 2.9735942590476978
 2.9995936686668743
 2.9990061957333483
 2.9999877962974373
 2.9988552692232409
 2.9989987246106979
 2.998972263924629
 2.9989287753023106
 2.9988513718403045
 2.9986992539838311
 2.9985677838804463
 2.9986287827173088
 2.9999997884929166
 2.9981834200127375
 2.9972019611002141
 2.9784469823595092
 2.997282513234262
 2.9995703687595396
 2.996010788494293
 2.995652673041576
 2.9952287452198405
 2.9952261519702938
 2.9953055440401957
 2.9953672258697406
 2.9953581113551495
 2.9952520200742647
 2.995051973125304
 2.9947800959775304
 2.9944669294080972
 2.994143950086134
 2.9938384379798708
 2.9935702316936141
 2.9933504331660798
 2.993181919292387
 2.9930610913781628
 2.9929801845822563
 2.992929436078152
 2.9928987498259709
 2.9928786366147553
 2.9928605519486418
 2.9928368875084557
 2.9928008750746313
 2.9927466955287114
 2.992669873098762
 2.9925679418634621
 2.9924412370231113
 2.9922935726012283
 2.9921326018562233
 2.9919696715763835
 2.9918191242240684
 2.9916970861733936
 2.9916199079837349
 2.9916024699028192
 2.9916566037617249
 2.9917898699026702
 2.9920047987624749
 2.9922987253316369
 2.992664140904739
 2.9930895054621862
 2.9935603360569241
 2.9940604487177205
 2.9945731588880093
 2.9950823648152523
 2.9955734136288439
 2.9960337598516444
 2.9964533989622746
 2.9968251562585015
 2.9971448218511525
 2.9974112151698247
 2.9976261365858261
 2.9977942383917187
 2.997922748255343
 2.9980210424867786
 2.99810002613496
 2.9981713321867884
 2.9982463678543296
 2.9983352819946019
 2.9984459399506229
 2.9985830320484346
 2.9987474208785403
 2.9989358141037425
 2.9991408339795353
 2.9993514666601078
 2.9995538503928358
 2.9997323067795776
 2.9998704486352277
 2.9999522378132322
 2.9999628041931792
 2.9998889306159002
 2.9997191067855953
 2.9994431512319482
 2.9990514514096223
 2.9985339283850294
 2.9978788789595994
 2.9970718418882409
 2.9960946438449771
 2.9949247063215378
 2.9935346682781598
 2.9918922661876244
 2.989960411517834
 2.9876972954063521
 2.9850563914817916
 2.9819862156896164
 2.9784297532778181
 2.9743235354357958
 2.9695964189924329
 2.9641681771531525
 2.9579480632023021
 2.9508334924484259
 2.9427089562459674
 2.9334452012722148
 2.9228985981080355
 2.9109105184966308
 2.8973064397907771
 2.8818944562022724
 2.8644628620060564
 2.8447765636646425
 2.822572178927877
 2.7975518615819692
 2.7693760286769886
 2.7376553161763448
 2.7019421044951706
 2.6617219419241596
 2.6164049919063226
 2.5653174070853675
 2.5076921731154362
 2.4426586571704685
 2.3692297814977028
 2.2862855917804792
 2.1925519791197816
 2.0865735271740973
 1.9666797803523195
 1.8309443391113354
 1.6771354635335998
 1.5026551715140053
 1.3044544211123288
 1.0789071911524379
 0.82155868517038555
 0.52660068717863473
 0.18510567471895503
 0


