# Created by Octave 5.2.0, Sat Sep 05 02:51:13 2020 CEST <tkanas@tkanas>
# name: p
# type: matrix
# rows: 401
# columns: 1
 4.7835708098658491e-07
 9.9027124494047799e-07
 0.018911525342946489
 0.046145934399361654
 0.069270293708932534
 0.090586780545341541
 0.11006485400863687
 0.12767815371313393
 0.14340583296372306
 0.15152670720405229
 0.16989199938164509
 0.17980663396648974
 0.18785742934640365
 0.19407870849921222
 0.19851381026811429
 0.20121552341450541
 0.20224506179778745
 0.20167099771882943
 0.19956814373420151
 0.19601645147459193
 0.19109993078899101
 0.18490563373047736
 0.17752269715919008
 0.16904147239821102
 0.15955272524331374
 0.1491469104321205
 0.13791353583161992
 0.12594058237796943
 0.113314013016693
 0.10011733947263567
 0.086431251011961072
 0.072333298938334761
 0.057897658864559796
 0.04319491958385107
 0.028291936249988388
 0.013251732503799601
 6.550761181379379e-07
 3.5235315274049039e-07
 0
 1.4244916109818181e-24
 0
 0
 9.0646630814234654e-19
 2.999261936903046e-18
 6.7313715403552136e-22
 5.2605096569303086e-19
 7.3964357030373927e-22
 1.0731654190643255e-18
 1.2301632618073511e-18
 1.1973618347360909e-21
 5.8880748340538874e-18
 2.5313038837190469e-18
 2.1030367031347487e-17
 3.7684268899234776e-17
 2.0704516597584265e-17
 7.7897057925473895e-18
 2.994919361745783e-17
 1.4925608743022681e-17
 1.0921450120176634e-16
 3.2483727520386551e-17
 3.7915826018783995e-17
 5.1586200179629105e-22
 7.931403464145677e-18
 1.4130844858996586e-17
 2.1191332585645605e-18
 9.8259457815198572e-25
 5.3630183285156365e-17
 8.6831674237760252e-18
 6.3492881363973187e-18
 4.8140720241591116e-21
 7.9642425085629871e-17
 1.9268826324671732e-17
 8.7111981336345646e-17
 2.2000822950227632e-17
 3.6771599028366987e-17
 7.4775198761021403e-17
 2.1723431435187896e-17
 0.61645949853970594
 0.56253842439616841
 0.51169721469319385
 0.46380647358034904
 0.41867547119607756
 0.37611613675471961
 0.33594840776440166
 0.29805729849982832
 0.81238747210216788
 0.78021718453146616
 0.75124342822827839
 0.72513161207734267
 0.70155137676519352
 0.68021676039654178
 0.66087994760198665
 0.64332574198547843
 0.6273668137367
 0.6128396410195921
 0.59965814017416819
 0.59051976751131052
 0.59137315888909303
 0.59202539515888586
 0.59049051520126872
 0.59250870528847988
 0.59221605148979439
 0.59194534991361425
 0.59165444474981765
 0.59202712399858914
 0.5914222431592836
 0.59272403125769324
 0.59084304837909951
 0.58904745676969172
 0.59553437634266293
 0.59047347599931521
 0.59224487904263223
 0.59182668618968259
 0.59135062693706375
 0.59132511426022694
 0.59150353209848894
 0.59229737389208525
 0.59213167525989441
 0.59229756199908523
 0.59240908198410569
 0.59142946676682662
 0.59141763831075378
 0.59152438982104882
 0.59157426158101012
 0.59175308852483399
 0.59193250350052107
 0.59168331490310311
 0.59154317717255955
 0.59196667178119455
 0.59163440335521666
 0.59227887723875561
 0.59188611024924498
 0.5917914738103347
 0.59195116915671075
 0.59161630577371527
 0.59187300182154023
 0.5915786482548101
 0.59159778355410753
 0.59175139206000826
 0.59152886850385189
 0.5918501597129936
 0.59232942151598744
 0.59222776956862599
 0.5920016860350531
 0.59183027672896515
 0.59180870652964757
 0.59182159210059482
 0.59196610946901085
 0.59160730899900715
 0.59156245711990552
 0.59145048894296814
 0.59136775812771802
 0.59128690835007569
 0.59181161913467584
 0.59217104844886359
 0.59245691852687687
 0.59256239620460871
 0.59244870603569355
 0.5920122478273977
 0.59161649004912709
 0.59138622907521776
 0.59128502333733146
 0.59133436867831046
 0.59155483459269032
 0.59193936933937941
 0.59216893670963611
 0.59220555335364977
 0.59207108612204606
 0.59194449706411945
 0.59182004236806807
 0.59167455416516002
 0.59164758354484326
 0.59165919701458614
 0.59162693134366062
 0.59165325894077092
 0.59166614647928251
 0.59186237679986831
 0.59214032431141539
 0.59178714558958778
 0.59210405110549802
 0.59170220689878417
 0.59183679970824021
 0.59122027348293082
 0.59139181639067617
 0.59169288607849924
 0.59202504179668802
 0.59190427704178872
 0.59152759386925702
 0.59131987359727545
 0.59150622301239808
 0.59184410193834114
 0.59198368757421338
 0.59189480399791483
 0.59192730060872267
 0.59200017714339348
 0.59190736768390606
 0.59184409231733315
 0.59192528886962015
 0.5919572011823474
 0.59172413469017016
 0.59146590279983946
 0.59147281206560531
 0.59179919355637334
 0.59218096359685413
 0.59258536727129829
 0.5923226273873281
 0.5913001945730153
 0.59067231812544707
 0.5909478138475347
 0.59166634735403356
 0.5924731450104278
 0.59272802966579274
 0.59233844867454466
 0.59190975181971572
 0.59165420817490622
 0.59145427515649962
 0.5914670613832379
 0.59158600385580318
 0.59178314671328658
 0.59180006019621001
 0.59177455734713558
 0.59185334584307381
 0.59188043022798886
 0.59210050832509264
 0.59214473454370264
 0.59175328357823742
 0.59146346085719881
 0.59152352249100759
 0.59166686863482254
 0.59167051223770395
 0.59161314608596616
 0.59164217834081168
 0.59168892193167788
 0.59174386380904032
 0.59191446254950786
 0.59218831095974345
 0.59225669215193533
 0.59182282374551443
 0.59137693807519121
 0.59151625876526059
 0.59191946434616971
 0.59221369710167593
 0.59214743073979836
 0.59192668330879572
 0.591765784529661
 0.5917551536590242
 0.5918237262005871
 0.59190889298687899
 0.59219270564438886
 0.59175074303253605
 0.59157533973263632
 0.59180733349145176
 0.5919655662012544
 0.59203915766392545
 0.59196489195916535
 0.59177027204485544
 0.59159330323100046
 0.59151389028007051
 0.5914652755546419
 0.59143681540428894
 0.59153698586370318
 0.59172604262464934
 0.59189535373643865
 0.59201018223248469
 0.59200800146555077
 0.59194016341639144
 0.59184442843904084
 0.5917846687961128
 0.59193421879410502
 0.59218500550922915
 0.59213896803307742
 0.59140101131063139
 0.59134246024109338
 0.59229520779340017
 0.5920212069234162
 0.59112102829319924
 0.59092390111464399
 0.59172693361837925
 0.592615219657467
 0.59200920730605489
 0.59160745870494091
 0.59145728187986424
 0.5916585206213032
 0.59189463329748859
 0.59185314316567683
 0.59177577058832864
 0.59178244327940377
 0.59184221028546624
 0.59194702966523827
 0.59199439937576659
 0.59191396862159096
 0.59181392828818447
 0.59180767834354031
 0.59179130169530747
 0.59208815926697889
 0.59269157453106891
 0.5921840782111969
 0.59100988194839821
 0.59095215220861141
 0.59147769869712818
 0.59175517710925329
 0.59187690045342967
 0.59194980523744301
 0.59219240623363634
 0.59252146383752302
 0.59268479566992294
 0.59184013107092437
 0.59054723924204311
 0.59106823628126492
 0.59140642485263095
 0.5914127767310523
 0.59192290731185471
 0.59212520631811005
 0.59188387654083396
 0.5916127431086875
 0.5918336547271027
 0.59281567362723941
 0.59234852496121992
 0.59163935272320278
 0.59102433904140816
 0.59113275842757373
 0.59177384838751923
 0.59223131104712734
 0.59264044815646444
 0.59254946179191081
 0.59142386882763798
 0.59092338998136651
 0.59110045318094151
 0.59170468008475152
 0.59171551428612978
 0.59169579478551959
 0.59188075711967869
 0.59188675854097206
 0.5917124197427579
 0.59171689014020734
 0.5919533432220091
 0.59203013179158592
 0.59209713711503864
 0.59245300575225568
 0.59275931801244064
 0.5924324329425823
 0.5914671635397829
 0.59053549470321987
 0.59060867679321483
 0.59187496736540923
 0.59228560240203232
 0.59237523006076265
 0.59248017022180288
 0.59221999662592884
 0.59144683002331977
 0.59084844426011762
 0.59079422994675546
 0.59125487216002248
 0.59180222735951882
 0.59205615920604282
 0.5920037203784857
 0.59195234224077353
 0.59226680756689432
 0.59247613588830494
 0.59223315452803749
 0.59186468662710812
 0.59152441417751356
 0.59150749082571064
 0.59169969238735454
 0.59138235680429496
 0.59103631114875221
 0.59223977602222944
 0.59279259715584143
 0.59224020266751454
 0.59194214305607473
 0.5913681919299717
 0.59147278711046303
 0.59187394571650487
