# Created by Octave 5.2.0, Fri Sep 04 06:40:21 2020 CEST <tkanas@tkanas>
# name: p
# type: matrix
# rows: 401
# columns: 1
 0
 0
 0
 0
 0
 0
 0
 0
 0
 0
 0
 0
 0
 0
 0
 0
 0
 0
 0
 0
 0
 0
 0
 0
 0
 0
 0
 0
 0
 0
 0
 0
 0
 0
 0
 0
 0
 0
 0
 0
 0
 0
 0
 0
 0
 0
 0
 0
 0
 0.18025729059983847
 0.18025729059983847
 0.18025729059983847
 0.18025729059983847
 0
 0
 0
 0
 0
 0
 0
 0
 0
 0
 0
 0
 0
 0
 0
 0
 0
 0
 0
 0
 0
 0
 0
 0
 0
 0
 0
 0
 0
 0
 0
 0
 0.65643311640022151
 0.65643311640022151
 0.65643311640022151
 0.65643311640022151
 0.65643311640022151
 0.65639916142790833
 0.65183375818704825
 0.64772822935539021
 0.64374605583505295
 0.64014131670884822
 0.63690782017022696
 0.63404874737399164
 0.63151083954220322
 0.62924924382231484
 0.62811383060181525
 0.62799916903919095
 0.62788972343004812
 0.62778458938857817
 0.62768289964543256
 0.62762207495855682
 0.62760045159200939
 0.62759447684363467
 0.627601290488223
 0.62761847225471779
 0.62764397261236871
 0.62767605288473982
 0.6277132346644162
 0.62775425691085041
 0.62779803941021106
 0.62784365151117694
 0.62789028523999502
 0.62759451481280482
 0.6268942294138472
 0.62619316777973522
 0.62576276534921049
 0.62578906942852408
 0.62581250732639759
 0.62583261775942167
 0.62584893480978698
 0.62586097810612762
 0.62586824352246628
 0.6258701942370738
 0.62586625201682733
 0.62585578860468349
 0.62585658380573239
 0.62585222460255363
 0.62583963959800426
 0.62581793085777659
 0.62578610770519272
 0.62574307672749274
 0.62568763117629489
 0.62561843962251451
 0.62551489994172527
 0.625391158358517
 0.62525042225594452
 0.62509154624620267
 0.62491329777990401
 0.6247142517313139
 0.6260270116332467
 0.6274237887849452
 0.62891447216459617
 0.62297675427912591
 0.61382042431416817
 0.60576736983215462
 0.59872089144646512
 0.59251253776459634
 0.58718968599870336
 0.5827182612497902
 0.57894108514270792
 0.57579769981607398
 0.57342566083053848
 0.57163135939973586
 0.57030447253486405
 0.56940335193923819
 0.56889011914697474
 0.56873037780145141
 0.56889294981730909
 0.56934973542561551
 0.56778263882503899
 0.56642899898234433
 0.56527952073080356
 0.56432675833506352
 0.56356483609682306
 0.56297457749129243
 0.56255945240914018
 0.56230863791664909
 0.56221230761716234
 0.56226129897773336
 0.56229531640910524
 0.56243685118335451
 0.56260070260110495
 0.56294092075431423
 0.56344895464540123
 0.56393942441728029
 0.56389861288140652
 0.56532699788962903
 0.56673318213559498
 0.56811282313857536
 0.5694622753048374
 0.57077849392155844
 0.57205897105274706
 0.5733016759911167
 0.57450499921799547
 0.57566769864080991
 0.57678862358499927
 0.57784691350981465
 0.57887090602400881
 0.5798766546771853
 0.58086998465253303
 0.58175344103627891
 0.58257668196876211
 0.58340352671301865
 0.58422991144622372
 0.58505084166200572
 0.58586052829819779
 0.58665262943297591
 0.587420473265718
 0.5881572628402395
 0.58885626300248006
 0.58951097005177067
 0.5901151148133148
 0.59074337857284198
 0.59136574307294365
 0.59192682124883289
 0.59242517518516868
 0.59286272449734589
 0.59324133890414843
 0.59356280728772848
 0.59382884512487488
 0.59404110175620883
 0.59420116775419385
 0.59431058258127245
 0.59437084267059659
 0.59438340999540851
 0.5943497212238551
 0.59427119747829549
 0.59414925479967617
 0.59397867309665986
 0.59374889057558955
 0.59347700747829257
 0.59317342710835963
 0.59297118865252241
 0.5927506451792417
 0.59250657837333531
 0.59227819340806342
 0.59217791155591804
 0.59205860981262037
 0.59191822212960699
 0.5917546486516243
 0.59156574773556103
 0.59051279424801706
 0.58913425047404011
 0.5876799141072
 0.58611043352385284
 0.58446480106742127
 0.58274204400438556
 0.58094121984527547
 0.57906141499554831
 0.57710174384997048
 0.57511930950026602
 0.57317479362523271
 0.57113545887343564
 0.56901024666824518
 0.56679839773313445
 0.56449905544536838
 0.56211133916267442
 0.5596343498019305
 0.55706717351846069
 0.55440888422644441
 0.55165854545839743
 0.54881521184751425
 0.5458779304379745
 0.54284574196741864
 0.53972150463463031
 0.5365007411796624
 0.53322230574901675
 0.52984944378241916
 0.52651468466277673
 0.52427327595832696
 0.52192148074084554
 0.5194507035414615
 0.5168520888515683
 0.51411823066653817
 0.51385047125435068
 0.51473994455312
 0.51557854690552796
 0.51636894886178142
 0.51711357769812782
 0.51781471800754075
 0.51813860292509983
 0.51841746867934058
 0.5186554611336115
 0.51885641684533479
 0.51902388367204189
 0.5191611399994871
 0.5192712128727518
 0.51929197723583975
 0.5197304003633636
 0.52025876421421591
 0.52072889551528223
 0.52117766089490436
 0.52160182714461156
 0.52176019480475799
 0.5217389308424133
 0.52177844558195496
 0.52193207160474653
 0.52207153095463033
 0.5221974070019697
 0.52231024201578558
 0.52241054235213424
 0.52249877978713977
 0.52257539285545052
 0.52264078815902004
 0.522695341579416
 0.52274971160775052
 0.52281033261078957
 0.52285829040720533
 0.52289392658080236
 0.52336906029518149
 0.5238506534119034
 0.52427059629419814
 0.52460414582710535
 0.52487760167071695
 0.52509803419165246
 0.52521280712360141
 0.52515872537371455
 0.5250941055257452
 0.52501898996236118
 0.52493339433076069
 0.52483730784553395
 0.52473069352569146
 0.52461348836753818
 0.52448560345411499
 0.52434692400231697
 0.52419730934879727
 0.52384897534230745
 0.52342375092225524
 0.52303328089527112
 0.52267522024108681
 0.52228462007776233
 0.52190067876682777
 0.52154485191695699
 0.5212405883480522
 0.52105649351447547
 0.52118076331713425
 0.52144989954214693
 0.52189799355272859
 0.52223780612369841
 0.52192078193173286
 0.52136248468819879
 0.52078989157552136
 0.52020573491686017
 0.51986490379268113
 0.51981987236200478
 0.51975310387160012
 0.51966342137222288
 0.51954946058092522
 0.51929807196080846
 0.51900159574015581
 0.51866520500719615
 0.51804715135490986
 0.51728226655351905
 0.51647762644319883
 0.51563136498753015
 0.51474151777009236
 0.51380601418824146
 0.51282266704409862
 0.51178915808941017
 0.51070301724517919
 0.50956159189705852
 0.50836200058594339
 0.50710106213346873
 0.50576288336232578
 0.53828357294956164
 0.58025722417234826
 0.62440284586319716
 0.62388376654104216
 0.62337884291829337
 0.62302666545461338
 0.62261467596111242
 0.61940873301612265
 0.61600463239265435
 0.61275584741027123
 0.60965162244881743
 0.60671175791897092
 0.60390897920031139
 0.60122356658273512
 0.59864659676349341
 0.59616979561965422
 0.59378549628470989
 0.59148660221226379
 0.58926655284971241
 0.58764531011694954
 0.58624793990729229
 0.58475085572067942
 0.58315761103189445
 0.58146231448253072
 0.57965871967966309
 0.57774020390273184
 0.575699745518225
 0.57352990001183701
 0.5710490012224323
 0.56822905362684195
 0.56595855106736503
 0.56403294710640262
 0.56214655936592406
 0.56025735273143384
 0.55845182926030845
 0.55804255064451269
 0.55682348642242296
 0.55526039416937845
 0.55425011430163595
 0.55392517907234484
 0.55476542758493552
 0.55282365125423283
 0.43627510328560543


