# Created by Octave 5.2.0, Fri Sep 04 21:00:50 2020 CEST <tkanas@tkanas>
# name: p_bang
# type: matrix
# rows: 3
# columns: 1
 0.068960324096164441
 0.59202947740842582
 48.204778515170212


