# Created by Octave 5.2.0, Sat Sep 05 14:34:59 2020 CEST <tkanas@tkanas>
# name: p_55_6
# type: matrix
# rows: 401
# columns: 1
 0.047971721582115649
 0.050423776967823943
 0.047380826671100405
 0.048961048242881416
 0.048876132200739178
 0.048730127234791795
 0.04852594119183868
 0.048267290857623345
 0.04795835782331638
 0.048359835712135896
 0.047184728248412487
 0.046755997923510907
 0.046298139409877329
 0.045816621629855329
 0.045316604614849446
 0.044802989130502326
 0.044280350612540181
 0.043752893268818607
 0.043224422467796383
 0.042698332884738836
 0.042177609594779349
 0.041664839320209653
 0.041162229224555126
 0.040671630963081511
 0.040194568049563284
 0.039732264969010854
 0.039285676797862719
 0.038855518398140929
 0.038442292512066392
 0.038046316278505965
 0.03766774587233894
 0.037306599072758753
 0.03696277564966538
 0.036636075493382679
 0.036326214386375566
 0.03603283723719862
 0.035755632327064406
 0.035624711190193406
 0.035260047231317738
 0.035023786735749442
 0.034801918361085232
 0.034593828599557584
 0.034398989054429299
 0.034216868804923639
 0.034046941132821466
 0.033888688694748592
 0.033741607642466233
 0.033605211009799366
 0.033479031577274561
 0.033362624356169865
 0.033255568796495577
 0.033157470794521013
 0.033067964567891905
 0.032986714446880068
 0.032913416628715671
 0.03284780094108479
 0.032789632650869927
 0.032738714357950539
 0.032694888014344253
 0.032658037104037328
 0.032628089026348492
 0.032605017721036599
 0.032588846583535155
 0.032579651712108013
 0.032577565539485424
 0.032582780904118994
 0.032595555616399353
 0.032616217585286329
 0.032645170572446119
 0.032682900646942764
 0.032729983417766062
 0.032787092125377164
 0.032855006675374686
 0.032934623695576308
 0.03302696768655531
 0.033133203316692783
 0.033256611423923374
 0.033930046444057539
 0.034053817627751504
 0.034198915915850746
 0.034367440370038728
 0.03456168711863003
 0.034784134547814531
 0.035037373978305274
 0.035324134863516383
 0.5856387427076134
 0.58595475137325614
 0.58626298479337524
 0.58656273946111992
 0.5868534439665597
 0.58713472378457066
 0.58740633558905353
 0.58766813635312642
 0.5879200661850088
 0.58816213639748327
 0.58839441956971794
 0.58861704050648123
 0.58883016781206354
 0.58903400607862644
 0.58922878874911677
 0.58941477170191403
 0.58959222757423801
 0.58976144081518289
 0.58992270342802366
 0.59007631135800076
 0.59022256146214958
 0.59036174900501104
 0.59049416561476176
 0.59062009764434054
 0.59073982488124455
 0.59085361955627569
 0.59096174560590198
 0.59106445814879194
 0.59116200313947909
 0.59125461717068561
 0.59134252739494841
 0.59142595154425281
 0.59150509802794105
 0.59158016609132391
 0.59165134602187919
 0.59171881939104221
 0.59178275932119029
 0.59184333077093731
 0.59190069083094798
 0.59195498902551469
 0.59200636761521697
 0.59205496189783591
 0.59210090050383291
 0.59214430568488674
 0.59218529359415206
 0.59222397455560616
 0.59226045332441768
 0.59229482933453736
 0.59232719693477132
 0.59235764561384385
 0.59238626021256291
 0.59241312112379363
 0.59243830448017032
 0.59246188232882424
 0.59248392279195139
 0.59250449021237339
 0.59252364528154422
 0.5925414451443769
 0.59255794347565094
 0.59257319051492541
 0.59258723304122518
 0.59260011425782444
 0.59261187353683931
 0.59262254594547026
 0.5926320504318966
 0.59313893957549679
 0.59265541458721382
 0.59266860515152453
 0.59268078873435082
 0.59269212837211649
 0.59270267036705182
 0.5927124574629572
 0.59272152949421286
 0.59272992382373113
 0.5927376756483097
 0.59274481821850122
 0.59275138300434738
 0.59275739982571862
 0.59276289695869233
 0.59276790122666301
 0.59277243808008495
 0.59277653166742661
 0.59278020490126071
 0.59278347951852794
 0.59278637613732987
 0.59278891431011926
 0.59279111257427408
 0.59279298849957751
 0.59279455873345632
 0.59279583904416988
 0.59279684436161251
 0.59279758881630096
 0.59279808577664028
 0.59279834788405406
 0.59279838708708521
 0.5927982146730737
 0.59279784129914714
 0.59279727702152296
 0.5927965313231558
 0.59279561314039542
 0.59279453088876743
 0.5927932924865883
 0.59279190537864335
 0.5927903765578183
 0.59278871258650645
 0.59278691961649499
 0.59278500340828555
 0.59278296934921448
 0.59278082247106756
 0.59277856746682811
 0.59277620870648584
 0.59277375025211498
 0.59277119587274696
 0.5927685490579726
 0.59276581303123932
 0.59276299076233019
 0.59276008497996358
 0.59275709818235733
 0.59275403264931059
 0.59275089045201967
 0.59274767346327217
 0.59274438336724811
 0.5927410216685044
 0.5927375897008319
 0.59273408863551003
 0.59273051948957511
 0.59272688313346455
 0.5927231802980375
 0.59271941158208385
 0.5927155774587165
 0.59271167828228322
 0.59270771429396185
 0.59270368562830056
 0.59269959231863534
 0.59269543430269822
 0.59269121142797332
 0.59268692345677176
 0.59268257007111258
 0.5926781508775405
 0.5926736654119108
 0.59266911314352455
 0.59266449347974315
 0.59265980577014887
 0.5926550493105337
 0.59265022334708872
 0.59264532708011908
 0.5926403596681924
 0.59263532023143251
 0.59263020785579279
 0.59262502159619823
 0.5926197604804988
 0.59261442351282623
 0.59260900967751984
 0.5926035179419078
 0.59259794726085013
 0.59259229657945267
 0.59258656483688898
 0.59258075097012075
 0.59257485391730325
 0.592568872621279
 0.59256280603360734
 0.59255665311794392
 0.59255041285375565
 0.59254408424091487
 0.59253766630237681
 0.5925311580890682
 0.59252455868371179
 0.59251786720497368
 0.59251108281174036
 0.59250420470753817
 0.59249723214490246
 0.59249016443023894
 0.5924830009284614
 0.59247574106773937
 0.59246838434492932
 0.59246093033030356
 0.59245337867317993
 0.59244572910751803
 0.59243798145746518
 0.59243013564314162
 0.59242219168694832
 0.59241414971970152
 0.59240600998698245
 0.59239777285595363
 0.59238943882209882
 0.59238100851640008
 0.59237248271243159
 0.59236386233408056
 0.59235514846330728
 0.59234634234758266
 0.59233744540891387
 0.59232845925146915
 0.59231938567078612
 0.59231022666225019
 0.59230098443043666
 0.59229166139838263
 0.59228226021721297
 0.59227278377578985
 0.59226323521061319
 0.59225361791668563
 0.59224393555695976
 0.59223419207370886
 0.5922243916989578
 0.59221453896548271
 0.59220463871814522
 0.59219469612484699
 0.59218471668789907
 0.59217470625561486
 0.59216467103380499
 0.59215461759704824
 0.59214455290043677
 0.59213448429081939
 0.59212441951826011
 0.59211436674724383
 0.59210433456750189
 0.59209433200476813
 0.5920843685310907
 0.59207445407460935
 0.59206459902917674
 0.59205481426255868
 0.59204511112501135
 0.59203550145554396
 0.59202599758858221
 0.59201661235842029
 0.59200735910268432
 0.59199825166405085
 0.59198930439048336
 0.59198053213278956
 0.59197195024033555
 0.59196357455418991
 0.59195542139629809
 0.59194750755653158
 0.59193985027459461
 0.59193246721827308
 0.59192537645649201
 0.59191859642616107
 0.5919121458930412
 0.59190604390530333
 0.59190030973794139
 0.59189496282899412
 0.59189002270406499
 0.59188550888945002
 0.59188144081164484
 0.59187783768154534
 0.59187471836144334
 0.59187210121252842
 0.59187000392081546
 0.59186844329748722
 0.5918674350519838
 0.59186699353262007
 0.59186713143151204
 0.5918678594485739
 0.59186918590921356
 0.59187111632985812
 0.59187365292371796
 0.59187679404039117
 0.59188053352883729
 0.59188486001583329
 0.59188975608799133
 0.59189519736697604
 0.59190115146535049
 0.59190757681065131
 0.59191442132660366
 0.59192162096080303
 0.59192909805377791
 0.59193675954910441
 0.59194449505923341
 0.59195217481714058
 0.59195964757550568
 0.59196673855361159
 0.59197324758927761
 0.59197894771867987
 0.59198358448010591
 0.59198687628438906
 0.59198851617495918
 0.59198817510537094
 0.59198550631102143
 0.59198014904587914
 0.59197172704843071
 0.59195983088361404
 0.59194396127827686
 0.59192339289576013
 0.59189691108701925
 0.59186243412464012
 0.59181672897114057
 0.59175563127898767
 0.59167490175043491
