# Created by Octave 5.2.0, Fri Sep 04 12:31:18 2020 CEST <tkanas@tkanas>
# name: p
# type: matrix
# rows: 401
# columns: 1
 2.9999999999999987
 3
 2.7224520248577271
 2.2275149504218676
 1.9747136705527246
 1.8140840413196944
 1.7129918590378843
 1.6509284687775587
 1.6137734483892723
 1.5478456270325456
 1.5722527669592856
 1.5592544166916624
 1.5496028213722559
 1.5420457599378736
 1.5353981292642409
 1.5289585196153739
 1.522339690296995
 1.5153513302048223
 1.5079222999611968
 1.5000496521011593
 1.4917659613288956
 1.4831189203125981
 1.4741590420044588
 1.4649325280582599
 1.4554774253289238
 1.4458217880266671
 1.4359827050026615
 1.4259658032124294
 1.4157646557848922
 1.4053597607708672
 1.3947168571551507
 1.3837843221876895
 1.3724892511245266
 1.360732095230232
 1.3483792819074889
 1.3352565798000064
 1.3217041981001436
 1.3570261958241876
 1.2994027513143842
 1.2897530045162089
 1.2795216885216234
 1.2684378572878054
 1.2566858729120916
 1.2443964524698796
 1.2316605622679011
 1.2185415696582245
 1.2050840363041226
 1.191320170180161
 1.1772744815841076
 1.1629673229741375
 1.1484173624270646
 1.1336434858257323
 1.1186660993889361
 1.1035079613117957
 1.0881946463409151
 1.0727545548481672
 1.0572184884953146
 1.0416187381526487
 1.0259875960375504
 1.0103552379593965
 0.99474678397379257
 0.97917843681683248
 0.96365266130918847
 0.94815200359191032
 0.93263157971177646
 0.91700994135589553
 0.90115805228417789
 0.88488621369177745
 0.86792860926239623
 0.84992505591504286
 0.83039975057048399
 0.80873635413514922
 0.78414880361052397
 0.75564715877954491
 0.72199722493803564
 0.68167257686841676
 0.63279680095372026
 0.57307331049281585
 0.49969866464549634
 0.40925415931203224
 0.29756841400546413
 0.15954239562757891
 4.4401560824973584e-17
 9.1785421479237821e-17
 4.0856479555092537e-16
 1.0442139901064356e-16
 4.9554045621923206e-17
 0
 1.1217635541329394e-16
 5.3179245680859212e-17
 3.1638710931963003e-17
 3.9222844358706186e-16
 1.5055212279963712e-16
 8.9833656543482023e-17
 0
 2.8109806161814632e-17
 5.3376965458408054e-16
 2.8223136905426804e-17
 2.2217498265168026e-16
 3.7037560627801784e-16
 3.079835083730924e-16
 0
 6.2904698419192785e-16
 5.8112821309027598e-16
 1.0852588957180409e-19
 1.0153769494873896e-15
 4.6234631911958506e-16
 1.260410450245996e-15
 5.65894679996548e-16
 8.2548871509414963e-16
 1.1348064262090982e-15
 3.6275402929792237e-16
 2.4452701893646648e-15
 7.352712200048576e-16
 2.7070839489627851e-16
 1.6476965359317843e-15
 1.7127688554017592e-16
 3.5809264745456357e-16
 2.4263176491422818e-16
 9.3436586028416731e-18
 2.0171668975091036e-15
 7.9358367423069584e-16
 1.2105162166670515e-15
 1.0178781676825848e-15
 0.68800830808124191
 0.59142538583951143
 0.5918813232088217
 0.59175079234394989
 0.59175618875864411
 0.59174469808138497
 0.59179310324654077
 0.59178614390929629
 0.59175860251868762
 0.59175919279503053
 0.59178157211472593
 0.59179280436398651
 0.59179352599196855
 0.59178575487204876
 0.5917726355837104
 0.59175297850387809
 0.59176821690839831
 0.59178600329318476
 0.59178445837365834
 0.591786615050794
 0.59181602347778928
 0.59178697196489771
 0.59177669337798533
 0.59180368435287822
 0.59178157380633989
 0.59178912817210561
 0.59178208191757087
 0.59180997226227339
 0.59178996118030947
 0.59179524521985705
 0.59180507946229832
 0.59179861906673792
 0.59181538444802195
 0.59164570151777729
 0.59191953521636587
 0.59183493003217258
 0.59179762654185786
 0.59180132094399418
 0.59178581507995187
 0.59179318554878613
 0.59180672590520389
 0.59180605457306579
 0.59181554464870134
 0.5917830294575176
 0.59180434981531971
 0.59180856581246666
 0.59180430453273414
 0.59180395700040078
 0.59181350535015198
 0.59180201648171626
 0.59180917055654225
 0.59182645045936133
 0.59178938754313271
 0.59181249191001017
 0.59182350001766693
 0.59180545474692559
 0.5918215134503888
 0.59181436604421844
 0.59180359557798456
 0.5918046823934473
 0.59180920299283812
 0.59180879618787241
 0.5918066016839979
 0.59179205677350366
 0.59181616025503758
 0.59181555064473057
 0.59181629412985248
 0.59181513368267602
 0.59181325875993829
 0.59181083992177241
 0.59181015282334426
 0.59180396379569877
 0.59181060516221251
 0.59180965501872473
 0.5918181412360497
 0.59181820910043614
 0.59180744958104503
 0.59181287427040807
 0.59180955785743872
 0.59180106116492326
 0.59182028849074364
 0.59181184141730458
 0.59181126740487711
 0.59182078949732519
 0.59182937203069774
 0.59179167224477058
 0.59179176476184814
 0.59193100437432311
 0.59046800410554823
 0.59318575531417006
 0.59164422363877744
 0.59185456881053422
 0.59179298771969491
 0.59180635212294097
 0.59181971371091058
 0.5918179852825507
 0.59177579446359996
 0.59190677079911336
 0.59171336293563348
 0.59184937974685681
 0.59182641194878971
 0.59179670723392541
 0.59179362791496448
 0.59179965914678512
 0.59183081920844949
 0.59181335367959342
 0.59181238902260069
 0.591834208041782
 0.59180291179019273
 0.59182526017935699
 0.59179685676999161
 0.59179640590010862
 0.5918338950890808
 0.5918226262213947
 0.59181137255590044
 0.59180096665495319
 0.59181170511039027
 0.5918172506324767
 0.59182260148634502
 0.59181656704103724
 0.59179912398219181
 0.59182703463639785
 0.59182287073377382
 0.59177947875838643
 0.59181791776952852
 0.591830109603105
 0.59181636843429464
 0.59180264257188275
 0.59179501947759339
 0.59180375059734858
 0.59182544723510988
 0.5918280584955723
 0.59180876090732415
 0.59180053552542311
 0.5918039621800848
 0.59181884444202226
 0.59182970214558484
 0.59182794012833073
 0.59182156478973902
 0.59181886204803313
 0.59180410812215289
 0.59180229420268682
 0.59182037033179213
 0.591828420149626
 0.5918188692656311
 0.59180230879288398
 0.59179840188322852
 0.59179919947577897
 0.59181617446694545
 0.59181431927149719
 0.59180972714936542
 0.59182897757679764
 0.59182353736304638
 0.59181237434441991
 0.59178883636052937
 0.59179261333770294
 0.59181353851838203
 0.59183026602154087
 0.59183394421758251
 0.59182381296199105
 0.59180588787652666
 0.59179491938898832
 0.59179513147903373
 0.59180548241277575
 0.59181247601545772
 0.59179411822928485
 0.59180989108950155
 0.59184078734273171
 0.59184356467428123
 0.59181830869574992
 0.59179438211811852
 0.59179470255479116
 0.59181360931256322
 0.5918280390613111
 0.59182795362029306
 0.59181648179978696
 0.59179729642368728
 0.59180109360628264
 0.59182335339993919
 0.59182856565225173
 0.5918138747154611
 0.59182723514807578
 0.59180694304222392
 0.59178098904791454
 0.59178151359060549
 0.59182232963269288
 0.59185118014138904
 0.59183008094352707
 0.59181306559899594
 0.59180393759852234
 0.59181068654413904
 0.59181251889482334
 0.59181999711298638
 0.59179721103221083
 0.59181340589608189
 0.59182854960414411
 0.59179589234686414
 0.59179868343304987
 0.59186030316670502
 0.59178276723424672
 0.59182322762715178
 0.59180868445986057
 0.59180118091060585
 0.59181310938338039
 0.59181758640840421
 0.59182791305342575
 0.59181380489976265
 0.59181780502265013
 0.59182767356351773
 0.591801785112683
 0.59179697468747294
 0.59179743412872809
 0.59179769866289733
 0.59187666552173057
 0.59181478907707796
 0.59180077445723045
 0.59181114936460422
 0.59182830441374179
 0.59183147541895997
 0.59181858256964714
 0.59180648862709362
 0.59182370906986481
 0.59181543306009654
 0.59177534002239784
 0.59182624065601752
 0.59184561774484346
 0.59180866773514895
 0.59177946686247807
 0.59183576043777253
 0.59184503249393727
 0.59181207957975024
 0.59180804817491783
 0.5918004146810526
 0.59183090752435041
 0.59182894057942814
 0.59180117545547506
 0.59180804713910773
 0.59182683661035995
 0.59182622731276502
 0.59182808569791523
 0.59182536739157576
 0.59181220002561052
 0.59180675943370531
 0.59182075089473285
 0.59183361078020957
 0.59182214157294677
 0.59181288081632777
 0.59181614445700226
 0.59182550714751947
 0.59182997165396845
 0.59182696205708463
 0.59181668061898307
 0.59181812099050857
