# Created by Octave 5.2.0, Sat Sep 05 12:22:06 2020 CEST <tkanas@tkanas>
# name: p_c1
# type: matrix
# rows: 401
# columns: 1
 3
 3
 3
 3
 3
 3
 3
 3
 3
 2.9999999999999996
 3
 3
 3
 3
 2.9999999999999996
 3
 3
 3
 3
 3
 3
 3
 3
 3
 3
 3
 3
 3
 3
 3
 3
 2.9999999999999996
 3
 3.0000000000000004
 3
 3
 3
 3
 3.0000000000000004
 3
 3
 3
 3
 3
 2.9999999999999996
 3
 3
 3
 3
 3
 3
 3
 3
 3.0000000000000004
 3.0000000000000004
 3.0000000000000004
 2.9999999999999996
 3
 3
 3.0000000000000004
 3.0000000000000004
 3
 3
 2.9999999999999996
 3.0000000000000004
 2.9999999999999996
 3
 3.0000000000000004
 3
 3.0000000000000004
 2.9999999999999996
 3
 3
 3.0000000000000004
 3
 3
 3
 3
 3
 3
 3
 3
 3
 3
 3.0000000000000004
 3
 3
 3
 2.9999999999999996
 3.0000000000000004
 3
 3
 3
 3
 2.9999999999999996
 3
 3
 3
 3
 3.0000000000000004
 3
 3.0000000000000004
 3
 3
 3
 3.0000000000000004
 3
 3
 3
 3
 3
 2.9999999999999996
 3
 3
 3
 3
 3
 3
 3
 2.9999999999999996
 3
 3
 3.0000000000000004
 3
 3
 3
 3
 3
 3
 3
 3
 3
 3
 3
 3
 3.0000000000000004
 3
 3
 3
 3
 3
 3
 3
 3
 3
 3
 3.0000000000000004
 3
 3
 3
 3
 3
 3
 3
 3
 2.9999999999999996
 3
 2.9999999999999996
 3
 3.0000000000000004
 3
 3
 3
 3
 3
 3
 3
 3
 3.0000000000000004
 3
 3
 3
 3
 3
 3
 3.0000000000000004
 3
 3
 2.9999999999999996
 3
 3
 3.0000000000000004
 3
 3
 3
 3.0000000000000004
 3
 2.9999999999999996
 3.0000000000000004
 3
 3
 3
 3
 3
 3
 3
 2.9999999999999996
 2.9999999999999996
 3.0000000000000004
 3
 3
 3
 3
 3
 3
 2.9999999999999996
 3
 2.9999999999999996
 3
 3
 3
 2.9999999999999996
 3.0000000000000004
 3
 3
 3
 3
 3.0000000000000004
 3
 2.9999999999999996
 3
 3
 2.9999999999999996
 3
 3
 3
 3
 3
 3
 3
 3
 3.0000000000000004
 3
 3
 3
 3
 3
 2.9999999999999996
 3
 3
 3
 3
 3
 2.9999999999999996
 3
 3
 2.9999999999999996
 3
 2.9999999999999996
 3
 3
 3
 3
 3
 3
 2.9999999999999996
 3
 3
 3
 3
 3
 2.9999999999999996
 3
 3
 3
 3.0000000000000004
 3
 3
 3
 3
 3
 3.0000000000000004
 3
 2.9999999999999996
 3
 3
 3
 3
 3
 3
 3
 3.0000000000000004
 3
 3
 3.0000000000000004
 3
 3.0000000000000004
 2.9999999999999996
 2.9999999999999996
 3
 3
 3.0000000000000004
 3
 3
 3
 2.9999999999999996
 3
 3
 3
 3
 3
 3
 3
 3
 3
 3
 2.9999999999999996
 3
 3
 3
 3
 3
 3
 3
 3.0000000000000004
 3
 3
 3.0000000000000004
 3.0000000000000004
 3
 3
 3.0000000000000004
 3
 3
 3
 2.9999999999999996
 3
 3
 3
 3
 3
 3
 3
 3
 3
 3
 3.0000000000000004
 3
 3.0000000000000004
 3
 3
 3
 3
 3
 3
 3
 3
 3
 3
 2.9999999999999996
 3.0000000000000004
 3
 3
 3
 3
 3
 3
 3
 3
 3
 3
 3
 3
 3
 3
 3
 3
 3
 3
 3
 3
 3.0000000000000004
 3
 2.9999999999999996
 3.0000000000000004
 3
 3
 3
 3
 3
 3
 3
 3
 3
 3
 3
 3
 3
 3
 3
 3
 3
 3
 3
 3
 3
 3.0000000000000004
 3
 3
 3
 0


# name: res_c1
# type: scalar
213575.6889669089


# name: outp_c1
# type: scalar struct
# ndims: 2
 1 1
# length: 4
# name: niter
# type: scalar
9


# name: nobjf
# type: scalar
10


# name: lambda
# type: matrix
# rows: 802
# columns: 1
 0
 0
 0
 0
 0
 0
 0
 0
 0
 0
 0
 0
 0
 0
 0
 0
 0
 0
 0
 0
 0
 0
 0
 0
 0
 0
 0
 0
 0
 0
 0
 0
 0
 0
 0
 0
 0
 0
 0
 0
 0
 0
 0
 0
 0
 0
 0
 0
 0
 0
 0
 0
 0
 0
 0
 0
 0
 0
 0
 0
 0
 0
 0
 0
 0
 0
 0
 0
 0
 0
 0
 0
 0
 0
 0
 0
 0
 0
 0
 0
 0
 0
 0
 0
 0
 0
 0
 0
 0
 0
 0
 0
 0
 0
 0
 0
 0
 0
 0
 0
 0
 0
 0
 0
 0
 0
 0
 0
 0
 0
 0
 0
 0
 0
 0
 0
 0
 0
 0
 0
 0
 0
 0
 0
 0
 0
 0
 0
 0
 0
 0
 0
 0
 0
 0
 0
 0
 0
 0
 0
 0
 0
 0
 0
 0
 0
 0
 0
 0
 0
 0
 0
 0
 0
 0
 0
 0
 0
 0
 0
 0
 0
 0
 0
 0
 0
 0
 0
 0
 0
 0
 0
 0
 0
 0
 0
 0
 0
 0
 0
 0
 0
 0
 0
 0
 0
 0
 0
 0
 0
 0
 0
 0
 0
 0
 0
 0
 0
 0
 0
 0
 0
 0
 0
 0
 0
 0
 0
 0
 0
 0
 0
 0
 0
 0
 0
 0
 0
 0
 0
 0
 0
 0
 0
 0
 0
 0
 0
 0
 0
 0
 0
 0
 0
 0
 0
 0
 0
 0
 0
 0
 0
 0
 0
 0
 0
 0
 0
 0
 0
 0
 0
 0
 0
 0
 0
 0
 0
 0
 0
 0
 0
 0
 0
 0
 0
 0
 0
 0
 0
 0
 0
 0
 0
 0
 0
 0
 0
 0
 0
 0
 0
 0
 0
 0
 0
 0
 0
 0
 0
 0
 0
 0
 0
 0
 0
 0
 0
 0
 0
 0
 0
 0
 0
 0
 0
 0
 0
 0
 0
 0
 0
 0
 0
 0
 0
 0
 0
 0
 0
 0
 0
 0
 0
 0
 0
 0
 0
 0
 0
 0
 0
 0
 0
 0
 0
 0
 0
 0
 0
 0
 0
 0
 0
 0
 0
 0
 0
 0
 0
 0
 0
 0
 0
 0
 0
 0
 0
 0
 0
 0
 0
 0
 0
 0
 0
 0
 0
 0
 0
 0
 0
 0
 0
 0
 0
 0
 0
 0
 0
 0
 0
 0
 0
 0
 0
 0
 0
 0
 0
 0
 0
 0
 0
 0
 0
 0
 0
 0
 0
 0
 110.98242570202989
 119.86442358674104
 102.81963361475893
 108.2147404830004
 106.36539345341227
 104.66842357740802
 103.10697040538253
 101.66611478490486
 100.33269868321231
 105.65972780152629
 97.869297628722109
 96.799006207820355
 95.797138639435971
 94.856873137342006
 93.972220289721221
 93.137917968541998
 92.349338572645266
 91.60240746879289
 90.893531503575844
 90.219536509169188
 89.57761279726229
 88.965267716072105
 88.380284428514386
 87.820686151300194
 87.284705172902733
 86.770756041778398
 86.277412384306402
 85.803386874501484
 85.347513934548445
 84.908734796792956
 84.486084604216927
 84.078681267900848
 83.685715836856673
 83.306444168260626
 82.940179714854068
 82.586287271513797
 82.244177544990492
 76.462452669288794
 81.614171112107257
 81.303596726240897
 81.002850046654089
 80.711509631711778
 80.429179313342104
 80.155486028478393
 79.890077898671777
 79.632622524170657
 79.382805463710937
 79.140328875431351
 78.904910297922981
 78.676281553448717
 78.454187757952511
 78.238386424677373
 78.028646650065994
 77.824748372215382
 77.626481693494014
 77.433646260082824
 77.246050692172162
 77.063512059384536
 76.885855396696812
 76.712913256742951
 76.544525294899231
 76.380537883992574
 76.220803755860658
 76.065181667313908
 75.913536088332876
 75.765736910587407
 75.621659174557976
 75.481182813741739
 75.34419241457266
 75.210576990829892
 75.080229771428392
 74.953048000598685
 74.828932749542915
 74.70778873875777
 74.589524170270806
 74.474050569109991
 74.361282633387091
 74.251138092418671
 74.143537572370604
 74.038404468929699
 73.9356648265735
 73.83524722401728
 73.737082665465522
 73.641104477312297
 73.547248209967705
 73.455451544509259
 73.36565420387177
 73.277797868319368
 73.191826094952376
 73.107684241024771
 73.025319390854392
 72.944680286131359
 72.865717259440203
 72.788382170814074
 72.712628347165946
 72.638410524440701
 72.565684792341031
 72.494408541498089
 72.42454041295619
 72.356040249852015
 72.2888690511775
 72.222988927521698
 72.158363058686021
 72.094955653087482
 72.032731908855212
 71.971657976535468
 71.911700923333143
 71.85282869880551
 71.795010101948947
 71.73821474959766
 71.682413046085145
 71.627576154099899
 71.57367596668152
 71.52068508030284
 71.468576768987035
 71.417324959414557
 71.366904206967561
 71.317289672675315
 71.268457101014249
 71.220382798527453
 71.173043613222944
 71.126416914716529
 71.08048057508617
 71.035212950408422
 70.990592862937987
 70.946599583912032
 70.903212816943977
 70.860412681983348
 70.818179699819709
 70.776494777096389
 70.735339191826171
 70.694694579375167
 70.654542918897974
 70.614866520208139
 70.575648011057211
 70.536870324813208
 70.498516688512311
 70.460570611277348
 70.423015873074846
 70.385836513811483
 70.349016822736644
 70.312541328154808
 70.276394787424096
 70.240562177231581
 70.20502868413169
 70.169779695341148
 70.134800789770068
 70.100077729288344
 70.065596450209938
 70.031343054991467
 74.662604729747542
 69.961215965477436
 69.92757637731863
 69.894109702166716
 69.860802763606031
 69.827642504989626
 69.794615982374268
 69.761710357603661
 69.728912891527983
 69.696210937352518
 69.66359193411472
 69.631043400274066
 69.598552927420428
 69.566108174082544
 69.533696859643598
 69.501306758347653
 69.468925693399001
 69.436541531146233
 69.404142175345925
 69.371715561504672
 69.339249651288966
 69.306732427004334
 69.274151886136593
 69.24149603595032
 69.208752888142911
 69.1759104535478
 69.14295673688585
 69.109879731557413
 69.076667414475054
 69.043307740931965
 69.009788639501281
 68.976098006964875
 68.942223703268837
 68.908153546498298
 68.873875307875409
 68.839376706769613
 68.804645405723477
 68.769669005486151
 68.734435040057534
 68.698930971733873
 68.663144186155392
 68.627061987354026
