# Created by Octave 5.2.0, Sun Aug 30 23:13:27 2020 CEST <tkanas@tkanas>
# name: p_min
# type: matrix
# rows: 401
# columns: 1
 0
 0
 0
 0
 0
 0
 0
 0
 0
 0
 0
 0
 0
 0
 0
 0
 0
 0
 0
 0
 0
 0
 0
 0
 0
 0
 0
 0
 0
 0
 0
 0
 0
 0
 0
 0
 0
 0
 0
 0
 0
 0
 0
 0
 0
 0
 0
 0
 0
 0.067436116798836751
 0.067436116798836751
 0.067436116798836751
 0
 0
 0
 0
 0
 0
 0
 0
 0
 0
 0
 0
 0
 0
 0
 0
 0
 0
 0
 0
 0
 0
 0
 0
 0
 0
 0
 0
 0
 0
 0
 0
 0
 0.62495974263831133
 0.62495974263831133
 0.62495974263831133
 0.62493995110525979
 0.62483644917377978
 0.6242968522298058
 0.62216398252752148
 0.62023288632760121
 0.61583582456936403
 0.61252557680453579
 0.61009425629712366
 0.60837115032822731
 0.60721795176833604
 0.60653884982496664
 0.60620494862432905
 0.6061318054746776
 0.60624798070602381
 0.60649275106761469
 0.60681421731367591
 0.60716763287484343
 0.60767873846625742
 0.60909095597595198
 0.61038478262332962
 0.6115705552827948
 0.61145833115494463
 0.61135498378273789
 0.61125977146126531
 0.61119824324508343
 0.61110225772455173
 0.6109988099368554
 0.61091378791804396
 0.61084450618587693
 0.61078859986183276
 0.6107439747484279
 0.610708768360951
 0.61068131614066312
 0.61066012207494191
 0.61064383307925574
 0.61061613037013973
 0.61055449038614418
 0.61049504299146384
 0.61043730336860447
 0.61038084034916085
 0.61032088709078469
 0.61025299540209277
 0.61018656925806702
 0.61012128231713147
 0.61005685176860591
 0.60999303611045408
 0.60992963325744953
 0.60987541694521008
 0.60988153685631086
 0.60989170252497571
 0.60990596790905838
 0.60992440482338095
 0.60994710368181992
 0.60997417369934936
 0.61000574316895795
 0.61004195980882758
 0.61008299117095599
 0.61011481064791329
 0.61014684761311622
 0.61018353335654718
 0.61022513299236725
 0.61027193948913272
 0.61006886173107278
 0.61080078086290668
 0.61130090024522643
 0.61050702493137943
 0.60970987081627359
 0.60908659069428572
 0.60860066456188011
 0.6082385885061502
 0.6079885002473876
 0.6078400245442821
 0.60778413712586443
 0.60781304454154239
 0.60790859007860287
 0.60791986352908778
 0.6078958417992667
 0.60791818204960502
 0.60798116940446534
 0.60761352288750803
 0.60681882314639746
 0.60599479296738545
 0.60514168008023994
 0.60426049012405092
 0.60335278757801991
 0.6024205535605186
 0.60146606465655761
 0.60049179032106925
 0.59950030671231713
 0.59849422504612848
 0.59747613277625544
 0.59644854608522169
 0.59540925005193635
 0.59435657302382539
 0.59330092072018803
 0.59224667905728778
 0.59140303098633318
 0.59035173235658167
 0.58930258251980616
 0.58825878268472653
 0.58754146484584324
 0.58769922050029078
 0.58785120644207212
 0.5879976779111985
 0.58813894434260194
 0.58827535931689068
 0.58845652732152409
 0.58866513712133972
 0.58886545958780467
 0.58905818410892219
 0.58924400492376039
 0.58942361923460429
 0.58959772966483259
 0.58972534578520552
 0.58983997896399254
 0.58994979549154003
 0.59005586553601785
 0.59014307439964608
 0.59022628463533533
 0.59030813763237455
 0.59038959094664278
 0.59047155535794904
 0.59055489862407806
 0.59064044928500348
 0.59072900056777611
 0.59082131441132091
 0.59092323865044916
 0.59107700195992552
 0.59121961529483469
 0.59136523004502617
 0.59151446826603238
 0.59166686591759221
 0.59182316076751695
 0.59198352658676756
 0.59214778207208651
 0.59231573083315192
 0.59248715440082445
 0.59266180895809795
 0.59283941859000167
 0.59268975866331386
 0.59252754589862289
 0.59235257312749068
 0.59218184777343164
 0.59201542216393754
 0.59183873242432528
 0.591651585497735
 0.59145377810230104
 0.5912450976743342
 0.59102532137582087
 0.59079421495826179
 0.59055153148851303
 0.59029700994614032
 0.59003037371562161
 0.58975132896133686
 0.58945956291820834
 0.58915474209151009
 0.588836510400778
 0.5885043287493873
 0.58810074345752861
 0.58768371563006339
 0.58725304237383136
 0.58680852905610059
 0.58634998471030253
 0.58587722193743863
 0.58539005689624413
 0.58488830935310288
 0.58437180240209252
 0.58387488444299385
 0.58337402861000021
 0.58285828856638644
 0.58232743264397568
 0.58178122787140851
 0.58121944022695116
 0.58064183483106668
 0.58004925390846673
 0.58095828673468708
 0.58184045390520223
 0.58269001138201637
 0.58350086481849994
 0.58426654285058222
 0.58498016717744261
 0.58563441819990802
 0.58622128516951033
 0.58718746596251159
 0.58789816744324808
 0.58851571989492479
 0.5890667982935075
 0.58955719386146532
 0.58999225255644339
 0.59037691152675076
 0.59071573094955165
 0.59101292237388081
 0.59127237431319679
 0.59155251251001184
 0.59187394507845748
 0.59216845125607864
 0.59237250629451599
 0.59257936235421893
 0.5927259671901256
 0.59284027630033098
 0.59299328966591824
 0.59339516128281622
 0.59366503589961672
 0.59390947439604558
 0.59409616774554652
 0.59424892155509246
 0.5943857451145218
 0.59450724508569441
 0.5946139798307184
 0.59470646097515156
 0.59470262596764245
 0.59467031360771572
 0.59464354761212734
 0.59462288717967471
 0.59460483592184799
 0.59458933564924432
 0.59457633683406841
 0.59456579842552137
 0.59455768769956197
 0.59455198014087063
 0.59454865935565393
 0.5945477170146265
 0.59454915282625309
 0.59455297454105138
 0.59455919808494595
 0.59450675425373856
 0.59439078716138738
 0.59426772681661966
 0.5941326609379004
 0.59398534979590389
 0.59382551735606481
 0.59365285064486639
 0.59346699903612798
 0.59326757355197357
 0.59305414558161962
 0.59282620296283894
 0.59258258093652372
 0.59231882277288239
 0.59202517950548905
 0.59176364458103869
 0.59180813366913299
 0.59155368373221606
 0.59128344143204115
 0.59098115359550119
 0.59065233317799604
 0.59029142642471077
 0.58988995850895731
 0.58945900076831348
 0.58909690391652159
 0.58877288066140332
 0.58840486592694485
 0.58798966575491285
 0.5875237624837657
 0.58698752125260312
 0.58639460885044814
 0.58574140764506166
 0.58502260485813928
 0.5842324799214389
 0.58324268015583092
 0.58212652004977927
 0.58094936931199725
 0.57970798159171055
 0.57839892523978742
 0.57701857119353972
 0.5755630788047762
 0.57402837868883239
 0.57392674928437548
 0.5738498725266119
 0.57375535083133455
 0.57365250027645398
 0.57354094380663811
 0.57591649352795904
 0.58243950862221205
 0.58935403688462862
 0.59680132106220685
 0.59790415788908302
 0.59782913777078328
 0.59773997392359091
 0.59762431952293138
 0.59749523992413089
 0.59735379894393459
 0.59705210858874314
 0.59591220009649748
 0.59483625335282775
 0.59384322528764266
 0.59292256583728919
 0.59205754910269703
 0.5912460453217695
 0.5904826510828125
 0.58972817452002613
 0.58902354436121263
 0.58830453622793499
 0.58763111221963382
 0.58700868699783537
 0.58643643645607868
 0.58591313180269167
 0.58548358342580076
 0.585097179077532
 0.58475380105804953
 0.58445352515063742
 0.58419661748844975
 0.58357074135518172
 0.58294799997336955
 0.58233054178253063
 0.58179084955046678
 0.58127371811346573
 0.58077908420682312
 0.580354595015666
 0.57999208026235816
 0.5817169513841961
 0.58707670173631099
 0.59267471503789959
 0.56998215069871949


