# Created by Octave 5.2.0, Thu Jun 18 22:48:44 2020 CEST <tkanas@tkanas>
# name: p
# type: matrix
# rows: 401
# columns: 1
 0.13351573125293822
 0.16431827516422617
 0.15874406388886939
 0.18240671996378732
 0.19458565567474209
 0.20573463531407182
 0.21600637558605373
 0.22552343814185957
 0.23438428451506832
 0.25845675702102755
 0.25094223844891089
 0.25822986655853231
 0.26510315808533219
 0.27159726651961535
 0.27774148625239786
 0.28356051931746395
 0.28907542109800693
 0.29430434269870004
 0.29926311458922422
 0.30396570649932819
 0.30842459079975465
 0.31265103046101633
 0.31665530787545582
 0.32044690711193802
 0.324034659315657
 0.32742685878664135
 0.33063135561111578
 0.33365562945813182
 0.33650684819029125
 0.33919191419564454
 0.34171750077454527
 0.34409008045283024
 0.34631594670787724
 0.34840123023545727
 0.35035191049491837
 0.35217382275560727
 0.35387275949963748
 0.33296432246387858
 0.35680053924986954
 0.35816218046715537
 0.35942109861921329
 0.3605821656964886
 0.36165017917064857
 0.36262979122831379
 0.36352550860124477
 0.36434169236266267
 0.36508255794637012
 0.36575217560302886
 0.36635447148509931
 0.36689322954538922
 0.36737209443542351
 0.36779457560665058
 0.36816405284530307
 0.36848378351011823
 0.36875691179916292
 0.36898648044344062
 0.36917544531528729
 0.36932669355654102
 0.36944306597134841
 0.36952738460214218
 0.36958248661820903
 0.36961126589504367
 0.36961672396466361
 0.3696020323641247
 0.36957060882239828
 0.36952621019090531
 0.36947304555636956
 0.36941591355314296
 0.36936036849440335
 0.36931292048816133
 0.36928127501937069
 0.36927461717662347
 0.36930394394819127
 0.36938244306921908
 0.36952590518622436
 0.36975313038758206
 0.37008623607230517
 0.3705506629408703
 0.37117445816028799
 0.37198600175018076
 0.37300861065728319
 0.37424932663591859
 0.37567800432045312
 0.37719342552554752
 0.37858104633030037
 0.37949090848505701
 0.37949937652171506
 0.37830469982602594
 0.37595995559484324
 0.37289806896516431
 0.36967668342170312
 0.36669735327943598
 0.36411937999841198
 0.36192825842628024
 0.36003195605703425
 0.35832445678118052
 0.35671530780124461
 0.35513971470841671
 0.35356008504977382
 0.35196405286028243
 0.35036052364515252
 0.34877405030058306
 0.34723795951455672
 0.34578721933941936
 0.34445238545416768
 0.34455654000090696
 0.36927453085292306
 0.36917880121587276
 0.36909182473029245
 0.36901246169730734
 0.36894033185578096
 0.36887506132637576
 0.36881628804840022
 0.36876366449031472
 0.36871685880292487
 0.36867555509075595
 0.36863945319238745
 0.36860826819519149
 0.36858172981288539
 0.36855958169831676
 0.36854158073195697
 0.36852749630617354
 0.36851710961428524
 0.36851021294643349
 0.36850660898907878
 0.36850611012279239
 0.36850853770932324
 0.36851372135760074
 0.36852149815532215
 0.36853171185152694
 0.36854421197189119
 0.36855885284558476
 0.36857549251984323
 0.36859399153238531
 0.36861421150950407
 0.36863601354928011
 0.36865925634402152
 0.36868379398811696
 0.36870947340773602
 0.36873613133809363
 0.36876359076103088
 0.36879165670097142
 0.36882011125571329
 0.36884870771354872
 0.36887716355935235
 0.36890515208187452
 0.36893229208554151
 0.36895813469051131
 0.36898214493207787
 0.36900348641973435
 0.39206730801733825
 0.36914979164668221
 0.36918895233548804
 0.36922841320049615
 0.36926821442679814
 0.36930832459626772
 0.3693487135950585
 0.36938935285464486
 0.36943021545887567
 0.36947127617378439
 0.36951251143546476
 0.36955389931551114
 0.36959541947480812
 0.36963705311220241
 0.36967878291103384
 0.36972059298584636
 0.36976246883017005
 0.36980439726554559
 0.36984636639286955
 0.36988836554555832
 0.36993038524466276
 0.36997241715606211
 0.37001445404976352
 0.37005648976085737
 0.37009851915270198
 0.37014053808167963
 0.37018254336371376
 0.37022453274279826
 0.37026650486073454
 0.37030845922875322
 0.37035039620058025
 0.37039231694732433
 0.37043422343291715
 0.37047611839209055
 0.37051800530893259
 0.37055988839696619
 0.37060177258050803
 0.37064366347743061
 0.37068556738264841
 0.37072749125355675
 0.37076944269554396
 0.37081142994957905
 0.37085346188025703
 0.37089554796514101
 0.3709376982849687
 0.37097992351515074
 0.37102223491759034
 0.37106464433412362
 0.37110716418069778
 0.37114980744193238
 0.37119258766729057
 0.37123551896765927
 0.37127861601275092
 0.37132189402983129
 0.37136536880223769
 0.37140905667009028
 0.37145297453025783
 0.37149713983844784
 0.37154157061125409
 0.37158628542891442
 0.37163130343960626
 0.37167664436330405
 0.37172232849747555
 0.37176837672267182
 0.37181481050948301
 0.37186165192567033
 0.37190892364412698
 0.3719566489520485
 0.37200485176000864
 0.37205355661246176
 0.37210278869825814
 0.37215257386269834
 0.37220293861945086
 0.37225391016380666
 0.3723055163863398
 0.37235778588730173
 0.37241074799196211
 0.37246443276639624
 0.37251887103425352
 0.37257409439408207
 0.3726301352374668
 0.37268702676810461
 0.37274480302144586
 0.37280349888528702
 0.37286315012078958
 0.37292379338513887
 0.37298546625391649
 0.37304820724545645
 0.37311205584511775
 0.37317705253103928
 0.37324323880059479
 0.37331065719779793
 0.37337935134141575
 0.37344936595465189
 0.37352074689499748
 0.37359354118600496
 0.37366779704909892
 0.3737435639373371
 0.37382089256984924
 0.37389983496735846
 0.37398044448888756
 0.37406277587010311
 0.37414688526198597
 0.37423283027161075
 0.37432067000383568
 0.37441046510425402
 0.37450227780373563
 0.3745961719643256
 0.37469221312649242
 0.37479046855806708
 0.37489100730434766
 0.37499390024064072
 0.37509922012539809
 0.37520704165579988
 0.37531744152500701
 0.3754304984808095
 0.37554629338692053
 0.37566490928521834
 0.37578643146105628
 0.37591094750986326
 0.37603854740614595
 0.37616932357488903
 0.37630337096480576
 0.37644078712443418
 0.37658167228025385
 0.3767261294173031
 0.37687426436270688
 0.37702618587169057
 0.37718200571566657
 0.37734183877439958
 0.37750580312950438
 0.37767402016206092
 0.37784661465237662
 0.37802371488326247
 0.37820545274589157
 0.37839196384911045
 0.3785833876317633
 0.37877986747771891
 0.3789815508348251
 0.37918858933595956
 0.37940113892390409
 0.37961935997857127
 0.37984341744765343
 0.3800734809792749
 0.38030972505781901
 0.38055232914163523
 0.38080147780295309
 0.38105736086934877
 0.38132017356649611
 0.3815901166616259
 0.38186739660729618
 0.38215222568448654
 0.38244482214427394
 0.38274541034746717
 0.38305422090066132
 0.38337149078763433
 0.38369746349463268
 0.38403238912783549
 0.38437652452116605
 0.38473013333176598
 0.3850934861213392
 0.38546686042002071
 0.38585054076937075
 0.38624481874106659
 0.38664999292725205
 0.38706636889709217
 0.3874942591144977
 0.38793398281145175
 0.38838586580896228
 0.38885024027860909
 0.38932744443579415
 0.38981782215471034
 0.39032172249375013
 0.39083949911935845
 0.39137150961350231
 0.39191811464956572
 0.39247967701863345
 0.3930565604857944
 0.39364912845444894
 0.39425774241298639
 0.39488276013505164
 0.39552453360208706
 0.3961834066109598
 0.39685971202722836
 0.39755376863694969
 0.39826587754679915
 0.39899631807317926
 0.39974534305585196
 0.4005131735215357
 0.4012999926146299
 0.4021059387010773
 0.4029310975391856
 0.4037754933983102
 0.40463907899037233
 0.40552172406172149
 0.40642320247408598
 0.4073431775807681
 0.40828118567947302
 0.40923661729540878
 0.41020869601711524
 0.41119645457144943
 0.41219870778548956
 0.41321402203745561
 0.41424068074996429
 0.41527664542120785
 0.41631951162739567
 0.41736645935852884
 0.41841419696881577
 0.41945889793290031
 0.42049612949635606
 0.42152077219281103
 0.42252692906702061
 0.4235078232920973
 0.42445568269481759
 0.42536160950188673
 0.42621543338857704
 0.42700554563775467
 0.42771871190405564
 0.42833986070349295
 0.42885184431318579
 0.42923516824778879
 0.42946768486776887
 0.42952424594581989
 0.42937630815040873
 0.42899148436581097
 0.42833303251553562
