# Created by Octave 5.2.0, Thu Aug 27 22:45:50 2020 CEST <tkanas@tkanas>
# name: p_ng
# type: matrix
# rows: 51
# columns: 1
 3
 2.3790114993734339
 1.8317831530731161
 1.3662367548192167
 1.0002965377839721
 0.715812853256099
 0.52196368529655457
 0.39723298685658964
 0.32237149020972722
 0.28086500656664254
 0.26096775744296591
 0.25540613469441031
 0.26003619849451526
 0.27156281678537669
 0.28588208196734538
 0.29903106096401039
 0.30899156898618418
 0.59284919135028602
 0.5022996194402618
 0.47565551730753719
 0.45996539015088844
 0.44924788388372683
 0.44160456726180314
 0.43636599694607558
 0.43305406052795881
 0.43138716508749858
 0.43134898294023943
 0.43317843874889039
 0.43741629813908184
 0.44505770225297336
 0.45832710504692842
 0.48124048791988433
 0.50444883330946688
 0.5174987175884268
 0.54281471159503258
 0.60060265869998997
 0.54450691736625567
 0.49970010719092323
 0.7091322773543316
 0.47762330274569109
 0.42346775727941144
 0.41248881548828698
 0.40144989366694661
 0.39882694892676751
 0.41924115859367062
 0.47581914073911857
 0.58588233464823292
 0.78464463609088375
 1.1487506074376403
 1.7353368968311893
 0


# name: res_ng
# type: scalar
326207.87843044644


# name: outp_ng
# type: scalar struct
# ndims: 2
 1 1
# length: 4
# name: user_interaction
# type: scalar struct
# ndims: 2
 1 1
# length: 2
# name: stop
# type: bool matrix
# rows: 0
# columns: 1


# name: info
# type: cell
# rows: 0
# columns: 1





# name: niter
# type: scalar
20


# name: nobjf
# type: scalar
38


# name: constrviolation
# type: scalar
-0




