# Created by Octave 5.2.0, Thu Jun 18 22:55:15 2020 CEST <tkanas@tkanas>
# name: p
# type: matrix
# rows: 401
# columns: 1
 0.40004846714523767
 0.40006897100634858
 0.4000287456934028
 0.40004201832862923
 0.40003593856779979
 0.40002936089476748
 0.40002233843479729
 0.40001492589745707
 0.4000071796399528
 0.400023111195142
 0.39999036322607262
 0.39998195825952421
 0.39997345919461624
 0.39996492473216178
 0.39995641217005529
 0.39994797674710747
 0.3999396710282519
 0.39993154435141615
 0.3999236423537112
 0.39991600658756998
 0.39990867423415322
 0.39990167791589759
 0.39989504560761613
 0.39988880064044297
 0.39988296179068528
 0.39987754344399395
 0.39987255582214298
 0.39986800526084726
 0.39986389452397997
 0.39986022314248115
 0.39985698776486411
 0.39985418250906174
 0.39985179930338338
 0.39984982821392634
 0.39984825774350619
 0.39984707510570811
 0.39984626646825699
 0.39980089722713796
 0.39984570719262302
 0.39984590847684714
 0.39984642268593357
 0.39984723323015436
 0.39984832324644454
 0.39984967563365631
 0.39985127307044305
 0.39985309801679242
 0.39985513270210737
 0.39985735910202991
 0.39985975890596576
 0.3998623134760243
 0.39986500379872369
 0.39986781042870151
 0.39987071342411301
 0.39987369227194086
 0.39987672580113504
 0.39987979208044988
 0.39988286829632441
 0.39988593060626249
 0.39988895396054247
 0.39989191188366785
 0.3998947762049182
 0.39989751672464185
 0.39990010079771138
 0.39990249281210599
 0.39990465353182342
 0.39990653926391373
 0.39990810079582251
 0.39990928202903187
 0.39991001820688177
 0.39991023359519301
 0.39990983841186428
 0.39990872471739525
 0.39990676083872939
 0.39990378369941382
 0.39989958810512538
 0.39989391153228443
 0.39988641216946536
 0.39987663670394391
 0.3998639724425152
 0.39984757586614977
 0.39982626838841723
 0.39979840044279935
 0.39976176391128099
 0.39971411100407284
 0.3996580586400757
 0.39964401625746943
 0.40046436082583842
 0.57228860137049842
 0.40413985199286373
 0.40168216008942803
 0.40105552335625783
 0.40078410547106075
 0.40063599570767616
 0.40054389893279219
 0.40048151803824128
 0.40043654178760896
 0.40040247881296548
 0.40037564023789018
 0.40035384866189233
 0.4003358001527948
 0.4003206968924295
 0.4003080165712195
 0.40029737440694546
 0.40028845350965403
 0.40028097821895331
 0.40027470763357209
 0.40026943492075612
 0.40026498623162504
 0.40026121792125069
 0.40025801261887922
 0.40025527497810875
 0.40025292766831638
 0.40025090788927747
 0.40024916447655251
 0.4002476555722656
 0.40024634676871979
 0.40024520966161553
 0.4002442207253899
 0.40024336044325498
 0.40026309841775459
 0.605375520529008
 0.60331270519135616
 0.60143117713330319
 0.59970317894142733
 0.59811456701680998
 0.59665265654022215
 0.59530605864086539
 0.59406454134839037
 0.59291926400954997
 0.59186643168182163
 0.59125515771506043
 0.59058172113496965
 0.59129391115849705
 0.59014854336669831
 0.58940852140696476
 0.58872820698740502
 0.58809616176013635
 0.58750827057701283
 0.58696078026021636
 0.58645019710817547
 0.58597324594903388
 0.58552683027137409
 0.58510799244660949
 0.58471387315705847
 0.58434166903671925
 0.58398858736721604
 0.58365179621708396
 0.58332836741797833
 0.58301520723988554
 0.5827080494747614
 0.58568532939157991
 0.58269511101643912
 0.58250185368234686
 0.58232087114228781
 0.58215159686990592
 0.58199319359166024
 0.58184488622470698
 0.58170595713394979
 0.5815757417115941
 0.5814536242806293
 0.58133903430913736
 0.58123144292391993
 0.58113035970257132
 0.58103532972418137
 0.58094593085595903
 0.58086177125863681
 0.58078248709290525
 0.58070774040792894
 0.58063721719661709
 0.58057062560508699
 0.58050769428185334
 0.58044817085610678
 0.58039182053360427
 0.58033842479920805
 0.5802877802196178
 0.58023969733776215
 0.58019399964843921
 0.58015052265319511
 0.58010911298435675
 0.58006962759305281
 0.58003193300058575
 0.57999590460150952
 0.57996142601805167
 0.57992838850434902
 0.57989669038902136
 0.5798662365623356
 0.57983693799822766
 0.57980871130833356
 0.5797814783322961
 0.57975516575254293
 0.57972970473866892
 0.57970503061573975
 0.57968108255647777
 0.57965780329253946
 0.57963513884786988
 0.57961303829009203
 0.57959145349762764
 0.57957033894276455
 0.5795496514901245
 0.57952935020630381
 0.5795093961869795
 0.57948975238820077
 0.57947038347533897
 0.57945125567571254
 0.57943233664717897
 0.57941359534860426
 0.57939500192174997
 0.57937652758028968
 0.57935814450452372
 0.57933982574202825
 0.57932154511621536
 0.57930327713733931
 0.5792849969188294
 0.57926668010234861
 0.57924830277972883
 0.57922984142523815
 0.57921127282729135
 0.57919257402540814
 0.57917372224997776
 0.57915469486280424
 0.57913546930415805
 0.57911602303680321
 0.579096333496805
 0.5790763780435213
 0.57905613391162847
 0.57903557816635465
 0.57901468765820441
 0.57899343897859312
 0.57897180841976914
 0.57894977193133423
 0.57892730508154688
 0.57890438301632263
 0.57888098042142033
 0.57885707148330368
 0.57883262985225636
 0.57880762860343027
 0.57878204020188451
 0.57875583646266315
 0.57872898851838517
 0.57870146677923306
 0.5786732408982076
 0.57864427973515331
 0.5786145513208768
 0.57858402282018584
 0.5785526604959278
 0.57852042967378925
 0.57848729470693794
 0.57845321893762125
 0.57841816466212304
 0.57838209309640465
 0.57834496433800586
 0.57830673733054772
 0.57826736982850369
 0.57822681836088796
 0.57818503819608258
 0.57814198330551247
 0.57809760633043794
 0.57805185854537244
 0.57800468982506603
 0.5779560486100479
 0.57790588187555358
 0.5778541350967249
 0.57780075221965055
 0.57774567563014889
 0.57768884612603577
 0.57763020288878775
 0.57756968345843329
 0.5775072237101927
 0.57744275783185739
 0.57737621830641928
 0.57730753589340489
 0.5772366396169657
 0.57716345675450875
 0.57708791283155791
 0.57700993161787484
 0.57692943513024275
 0.57684634363858922
 0.57676057567912686
 0.57667204807167505
 0.57658067594445594
 0.57648637276504511
 0.57638905037960619
 0.57628861906065521
 0.57618498756169478
 0.57607806318382726
 0.57596775185109861
 0.57585395819788232
 0.5757365856681711
 0.57561553662546916
 0.57549071248065575
 0.57536201383094687
 0.57522934061545905
 0.57509259228870524
 0.5749516680089829
 0.57480646685026882
 0.57465688802852688
 0.57450283115237999
 0.5743441964966044
 0.57418088529715472
 0.57401280007080147
 0.57383984496186169
 0.57366192611587974
 0.57347895207955357
 0.57329083423180827
 0.57309748724453613
 0.57289882957388105
 0.57269478398453777
 0.57248527810725569
 0.57227024502923118
 0.57204962391889802
 0.57182336068538231
 0.57159140867294433
 0.57135372938958595
 0.57111029327035734
 0.57086108047331241
 0.57060608170881399
 0.5703452990999015
 0.57007874707062511
 0.56980645326231449
 0.5695284594734894
 0.56924482261770737
 0.56895561570160891
 0.5686609288093929
 0.56836087009460678
 0.568055566770447
 0.56774516609060521
 0.56742983631200095
 0.56710976763194598
 0.56678517308461818
 0.56645628939225168
 0.5661233777492084
 0.56578672453270085
 0.565446641919649
 0.56510346839574543
 0.56475756913662334
 0.56440933624465783
 0.56405918881801809
 0.5637075728333415
 0.56335496081793512
 0.56300185128888625
 0.56264876793558927
 0.56229625852089027
 0.56194489347754206
 0.56159526417541972
 0.56124798083799621
 0.56090367008626241
 0.56056297209132933
 0.56022653732136007
 0.55989502287013693
 0.55956908836589181
 0.55924939145837027
 0.55893658289905679
 0.55863130123655791
 0.55833416716278272
 0.55804577756361495
 0.55776669934617584
 0.55749746313486515
 0.55723855695595481
 0.55699042005657562
 0.5567534370316457
 0.55652793246789944
 0.55631416633468567
 0.55611233038704455
 0.55592254585407441
 0.55574486269466439
 0.55557926068021923
 0.55542565250645426
 0.55528388903313464
 0.55515376655976256
 0.55503503576531521
 0.55492741149254166
 0.55483058192011159
 0.5547442147328413
 0.55466795658732848
 0.55460142031227888
 0.55454415169709848
 0.55449556411102885
