# Created by Octave 5.2.0, Fri Aug 07 22:05:39 2020 CEST <tkanas@tkanas>
# name: p
# type: matrix
# rows: 401
# columns: 1
 0.055268717356595949
 0.057873694623961656
 0.050770543002834588
 0.053070823882833761
 0.052670615349057114
 0.052448094071501999
 0.052336770269130285
 0.052296949451076408
 0.052304324909730755
 0.05512948205243156
 0.052429104986722153
 0.052512757995298483
 0.05260995912157209
 0.052718602226866654
 0.052837359881999779
 0.052965407203308092
 0.053102195394694698
 0.053247304366437091
 0.05340034995593116
 0.053560928895644642
 0.053728589564092932
 0.053902819913914359
 0.05408304639620716
 0.054268639498176632
 0.054458922857620509
 0.054653183915162697
 0.054850684802528971
 0.05505067268132962
 0.055252389112813126
 0.05545507828375637
 0.055657994063462439
 0.055860405961213049
 0.056061604091552343
 0.056260903246454039
 0.05645764610130672
 0.056651205393827231
 0.056840997788362518
 0.054550304052799106
 0.057190891726494206
 0.057363381513143533
 0.057529108989703003
 0.057687458239772178
 0.057837829715195667
 0.057979634196068476
 0.058112290341855263
 0.058235222526235531
 0.058347859138289514
 0.058449631708753627
 0.058539975577756809
 0.058618333498725833
 0.05868416521035151
 0.058736970236553283
 0.058776343967360242
 0.058802133669528515
 0.058814985525323486
 0.058819305849259249
 0.058870405857279949
 0.05890482248447456
 0.05905882315913813
 0.058695969431779946
 0.058563152710403847
 0.058497116818190191
 0.058485554775857096
 0.058272787067341597
 0.057940295727225713
 0.057673325449045312
 0.05741671704055995
 0.057147000261259351
 0.056856739975479437
 0.056543129230124174
 0.056204925031067159
 0.055841541733055063
 0.055452738820583297
 0.055038493676098761
 0.054598933647299744
 0.054134279304923462
 0.053644771471881021
 0.053130554771386042
 0.052605030351248104
 0.052037753285168666
 0.051445808806674417
 0.050822030381031558
 0.050158277953740858
 0.049439990495491339
 0.048641453285121067
 0.59797098947480021
 0.59753110681232968
 0.59713057535628589
 0.59676468963388907
 0.59643002272379142
 0.59612347774971708
 0.59584228109241288
 0.59558395948194764
 0.59534631126520221
 0.59512737690012785
 0.59492541101881924
 0.59473885701214513
 0.59456632439519996
 0.59440656888271204
 0.59425847495460615
 0.59412104064802429
 0.5939933643039238
 0.59387463301314936
 0.59376411253794437
 0.59366113850615287
 0.59356510870754131
 0.59347547633981812
 0.59339174407876083
 0.59331345886086995
 0.59324020728434379
 0.59317161154760545
 0.59310732585559056
 0.59304703323316321
 0.59299044269482015
 0.59293728672476498
 0.59288731902925873
 0.592840312527118
 0.59279605754834608
 0.59275436021628458
 0.5927150409893146
 0.59267793334274188
 0.5926428825734984
 0.592609744710756
 0.59257838551955222
 0.59254867958396851
 0.59252050945788826
 0.59249376487372363
 0.59246834199796361
 0.59244414272432322
 0.59242107399557098
 0.59239904714561031
 0.5923779772522525
 0.59235778249088689
 0.59233838348267642
 0.59231970262531619
 0.592301663395574
 0.59228418961610274
 0.59226720467025362
 0.59225063065472772
 0.59223438745385537
 0.59221839171930346
 0.59220255573420322
 0.59218678613955789
 0.59217098248512134
 0.59215503555809768
 0.59213882539320906
 0.59212221876984106
 0.5921050657648389
 0.59208719433621881
 0.59206831420942441
 0.59397953511014523
 0.59208142538107489
 0.5920705215945431
 0.59205971582788885
 0.59204902441257357
 0.59203843293832858
 0.59202792773193069
 0.59201749592115738
 0.59200712546277012
 0.59199680514713515
 0.59198652459015233
 0.5919762742157999
 0.59196604523565965
 0.59195582962561599
 0.59194562010242435
 0.59193541009926565
 0.59192519374289398
 0.59191496583074144
 0.59190472180900944
 0.59189445775105898
 0.5918841703378942
 0.59187385683708194
 0.5918635150848327
 0.59185314346588025
 0.59184274089593103
 0.5918323068027338
 0.59182184110907099
 0.59181134421362724
 0.59180081697429532
 0.59179026068885399
 0.59177967707826795
 0.5917690682675103
 0.59175843676744366
 0.59174778545577389
 0.59173711755881153
 0.59172643663112701
 0.59171574653696724
 0.59170505142948349
 0.59169435573102891
 0.59168366411238882
 0.59167298147242187
 0.59166231291628468
 0.591651663735002
 0.5916410393839685
 0.59163044546117549
 0.59161988768622731
 0.59160937187872542
 0.59159890393692682
 0.59158848981709555
 0.59157813551187333
 0.59156784703075793
 0.59155763037935982
 0.59154749153983466
 0.59153743645246082
 0.59152747099667946
 0.59151760097387152
 0.59150783209037772
 0.59149816994179139
 0.59148861999755942
 0.59147918758741325
 0.59146987788789185
 0.59146069591087314
 0.59145164649240833
 0.59144273428309191
 0.59143396373962887
 0.59142533911740569
 0.5914168644640394
 0.59140854361447948
 0.59140038018721597
 0.59139237758113716
 0.59138453897403376
 0.59137686732176953
 0.59136936535866613
 0.59136203559904954
 0.59135488033932249
 0.59134790166106599
 0.59134110143511598
 0.59133448132633903
 0.59132804279898465
 0.59132178712291816
 0.59131571538012306
 0.5913098284721362
 0.59130412712783753
 0.59129861191112187
 0.59129328323005426
 0.59128814134533225
 0.59128318637927146
 0.59127841832551775
 0.59127383705833902
 0.59126944234227574
 0.59126523384188501
 0.59126121113190322
 0.59125737370670939
 0.59125372099053297
 0.59125025234741313
 0.59124696709089453
 0.59124386449419197
 0.59124094379962744
 0.59123820422902029
 0.59123564499271086
 0.59123326529971298
 0.59123106436693307
 0.59122904142878618
 0.59122719574659788
 0.59122552661762529
 0.59122403338433405
 0.59122271544374272
 0.59122157225583938
 0.59122060335287652
 0.59121980834787258
 0.59121918694338715
 0.5912187389399205
 0.59121846424443558
 0.59121836287868834
 0.59121843498751891
 0.59121868084664175
 0.59121910087113272
 0.59121969562298016
 0.59122046581902599
 0.59122141233869874
 0.59122253623141785
 0.59122383872441009
 0.59122532122983928
 0.59122698535208962
 0.59122883289516626
 0.59123086586949869
 0.59123308649902939
 0.59123549722803626
 0.59123810072779559
 0.59124089990315376
 0.59124389789900622
 0.59124709810667764
 0.59125050416978797
 0.591254119990542
 0.59125794973526891
 0.5912619978401451
 0.59126626901636781
 0.59127076825541325
 0.5912755008336964
 0.59128047231709036
 0.59128568856508235
 0.59129115573438074
 0.59129688028236727
 0.59130286896967288
 0.59130912886251619
 0.59131566733421048
 0.59132249206613452
 0.59132961104782378
 0.59133703257621106
 0.59134476525405766
 0.59135281798712147
 0.59136119998062076
 0.59136992073391093
 0.59137899003440486
 0.59138841794988373
 0.59139821481902677
 0.59140839124105682
 0.5914189580631527
 0.59142992636654068
 0.59144130745078571
 0.59145311281682322
 0.59146535414821433
 0.59147804329160281
 0.59149119223600666
 0.59150481309223979
 0.59151891807283474
 0.59153351947383503
 0.59154862966030275
 0.59156426105771753
 0.59158042615287687
 0.59159713750904519
 0.59161440780228747
 0.5916322498886688
 0.59165067691711304
 0.59166970250851336
 0.59168934103367632
 0.59170960803919126
 0.59173052089999711
 0.59175209982784893
 0.59177436945802175
 0.59179736141377315
 0.59182111861391928
 0.59184570289289695
 0.5918712094439138
 0.59189779680273424
 0.5919257570771721
 0.59195570956775767
 0.59198927358373676
 0.59203244107522057
 0.59213197754373581
 0.5937431418202368
 0.59222781006288139
 0.59217045243762789
 0.59220165875937247
 0.59224955305580385
 0.59230731194666797
 0.59236609285206343
 0.59240232030264084
 0.59239566344753947
 0.59236639225631305
 0.59234489404243096
 0.59233845120101203
 0.59234278923577199
 0.59235306972550561
 0.59236606549445714
 0.59237979700098853
 0.59239300641302239
 0.59240482230550895
 0.5924145726654797
 0.59242168216381808
 0.59242561409275662
 0.59242583572180296
 0.59242179596396449
 0.59241290945366276
 0.59239854380109747
 0.59237800814498354
 0.5923505418346442
 0.59231530242586461
 0.59227135232444184
 0.59221764340752714
 0.59215299897224938
 0.59207609271471395
 0.59198542582210389
