# Created by Octave 5.2.0, Wed May 13 19:41:05 2020 CEST <tkanas@tkanas>
# name: p15
# type: matrix
# rows: 50
# columns: 1
 2.7159508364177913
 1.8393009343142488
 2.5547126246022591
 2.8019980360777619
 2.1727418517911135
 2.6949669132257941
 2.457181298852412
 2.8160534742350807
 2.7533969761058761
 2.5810525740955943
 2.9918507074319507
 2.608903646792625
 2.5152697520645693
 2.8978266853993597
 2.3815919138353716
 3
 2.1852664945387024
 2.4638580934027754
 2.5578334335311612
 2.993890801162169
 2.4900117630149201
 2.4478510182510802
 2.5869867476175004
 2.9979435047611926
 2.6049315865282767
 2.6767541499789482
 2.5118203247884487
 2.6639527978579691
 2.551718558050466
 2.9861990433887602
 2.2699710138704501
 2.6094190162326787
 2.522414167795199
 2.5832051995745191
 2.4437931143998046
 2.8938368601904796
 2.887481919896576
 2.0759168913968682
 2.4955051554464243
 2.5016210071288238
 2.5071963845544167
 2.739540630409
 2.9078950366909782
 3
 2.0033182251309931
 2.3119920823949816
 2.5816327719955643
 2.3007429473731791
 1.5695596612855809
 2.9999999999999987


